6.936702052371671035e-02 8.831091302438315305e-02 7.938306610327221235e-02 7.166776067095216585e-02 8.099659651509405478e-02 8.536394532466766438e-02 8.965570962890284656e-02 5.460579395455157636e-02 6.782395646723908544e-02 8.998860292259933114e-02 8.461633875196826471e-02 7.526219168555654815e-02 6.295810442709617871e-02
7.209149054020193292e-02 8.836212438339133279e-02 8.116764283531352486e-02 7.057249231808072898e-02 8.087468413646678456e-02 8.631058178883789511e-02 8.936271594038408539e-02 5.756465009537234390e-02 6.771417532383842974e-02 8.823154154270312910e-02 8.418550885684261686e-02 7.421822890425507080e-02 5.934416333431219437e-02
7.734676979816761111e-02 8.490948010672935697e-02 8.239401575998560323e-02 7.210245942397219832e-02 8.105829773028103147e-02 8.865335129940792036e-02 8.453453114077019714e-02 5.957001544680950306e-02 6.220166168593469630e-02 8.942803523145478883e-02 8.491317139595373764e-02 7.395153916899678548e-02 5.893667181153658396e-02
7.555379579871394913e-02 8.691323621460368687e-02 8.179189033093600680e-02 7.124885986311668695e-02 8.286047295148396552e-02 8.593470327706777268e-02 9.045669902894765135e-02 5.662315818699840270e-02 6.217438275443802620e-02 8.513424226119885307e-02 8.223848373767614350e-02 7.547324674911097542e-02 6.359682884570780348e-02
7.427831091698713917e-02 8.923035697003765809e-02 7.797916817458733219e-02 7.259016345328579700e-02 8.491286400771808074e-02 8.410209414445803111e-02 8.859714042981159388e-02 5.431086718936117830e-02 6.443359503222853557e-02 8.673641035281594303e-02 8.455364953913943604e-02 7.343771888062754216e-02 6.483766090894173273e-02
7.340411600213628263e-02 8.815727084893751342e-02 8.104421344961916518e-02 7.331787140279677484e-02 8.395909628583657358e-02 8.233815329532900851e-02 8.862266919730239778e-02 5.529662363360545591e-02 6.648624299678274063e-02 8.870316386814079690e-02 8.186778226966991145e-02 7.071686628960444088e-02 6.608593046023897299e-02
7.455846890739008248e-02 8.979970962102611087e-02 7.899416698611366749e-02 7.246030692032573439e-02 8.599021798612578593e-02 8.177320613222427426e-02 8.739698597966562288e-02 5.685562379397730848e-02 6.540858445408476163e-02 8.724355124342558776e-02 8.403821114015837257e-02 7.076867313537660298e-02 6.471229370010617155e-02
7.106526939486430827e-02 8.969794381714113474e-02 8.025117514593751999e-02 7.009074447268999475e-02 8.516956330787406326e-02 8.320280438295080128e-02 8.798300182529078528e-02 5.560626238067032517e-02 6.585822007337827078e-02 8.590346429410650186e-02 8.996250606370431724e-02 7.125369944528610333e-02 6.395534539610597813e-02
7.545217777677777626e-02 8.672357461411692170e-02 8.069641554211912093e-02 7.131607728762306975e-02 7.677112376880340650e-02 8.812748717130722276e-02 8.601049529485700618e-02 5.490725654336056638e-02 6.679654539237703248e-02 8.479351697595521875e-02 8.537431352267654816e-02 7.889604208046742395e-02 6.413497402955878335e-02
7.963794412175105586e-02 8.743413430156646293e-02 8.119030209488409255e-02 6.979390211749519901e-02 7.607178133180939050e-02 8.809417880061988504e-02 8.645702783070940978e-02 5.309384004067368296e-02 6.441736036676791455e-02 8.647255381250869288e-02 8.804374094334092848e-02 7.607141921943792739e-02 6.322181501843546214e-02
7.597078631331301291e-02 8.743270952245951744e-02 8.231303743169923748e-02 6.855600446322869523e-02 7.914340738716917067e-02 8.382787100550839754e-02 8.595758269674404206e-02 5.369174239452118719e-02 6.832877525280801889e-02 8.698077844450990970e-02 8.641506696520646902e-02 7.842436353374859781e-02 6.295787458908383427e-02
7.585903208546523890e-02 8.392144810197782467e-02 8.251888630575215933e-02 7.032205726827554793e-02 8.213049911091416244e-02 8.463627473550934532e-02 8.786557991923525657e-02 5.315692564136762638e-02 6.698638576593991811e-02 8.739653202611823157e-02 8.605285821387628764e-02 7.384612841064061572e-02 6.530739241492770908e-02
7.476761371744537754e-02 8.786277418714984189e-02 8.188211660281710658e-02 6.939365531669440534e-02 7.700571556843063825e-02 8.289889876715589301e-02 8.605521774853974737e-02 5.449411738461671512e-02 6.991511887718702967e-02 8.701458413964228977e-02 8.842417493894794145e-02 7.585061524284936185e-02 6.443539750852378400e-02
7.489893518513515702e-02 8.508101010851421009e-02 7.933279713197588512e-02 6.831490702156366168e-02 8.224341528118134237e-02 8.535728874844418501e-02 8.599818831091035620e-02 5.657469855079644977e-02 7.011993228732675554e-02 8.647828721356569381e-02 8.761688577466295036e-02 7.374281999532805720e-02 6.424083439059537215e-02
7.861835416515895736e-02 8.722165137633272614e-02 7.973367664278786793e-02 7.145039736326354307e-02 8.335049707744666969e-02 8.205355309859602153e-02 8.632522120477981176e-02 5.349609671004283001e-02 6.949158106539049529e-02 8.496217835510631866e-02 8.529023439224277248e-02 7.305120184357435931e-02 6.495535670527753658e-02
7.858087600591487365e-02 8.855914197118469611e-02 8.138063651611160410e-02 7.364679066229502802e-02 7.843930375531960042e-02 8.568268403354856178e-02 8.661127329532067320e-02 5.484003644589443421e-02 6.667609585853524756e-02 8.227731071640170812e-02 7.910011926349999611e-02 7.848144700166179155e-02 6.572428447431183374e-02
7.348910559094432027e-02 8.888514197172669995e-02 8.306476119033934236e-02 7.370582630875427421e-02 8.294031665804897646e-02 8.461900964933267988e-02 8.230377265737892634e-02 5.134171204986757303e-02 7.298526364665809674e-02 8.625224398641248569e-02 7.767412276677980454e-02 7.479017337776920626e-02 6.794855014598763510e-02
7.534601444819963301e-02 8.876730136442938235e-02 8.197664650322362967e-02 7.478813032073278189e-02 8.379219917002633800e-02 8.150828614472187261e-02 8.589027812723752653e-02 5.372651825775626860e-02 6.938885918536397135e-02 8.383880462122289545e-02 8.296934563681795938e-02 7.421348071111284750e-02 6.379413550915501163e-02
7.430028944084561549e-02 8.892768847211067473e-02 8.337520141892534875e-02 7.428167440178484737e-02 8.141070777529099689e-02 8.146667244068046820e-02 8.824295727438859205e-02 5.293818051757884224e-02 7.156994420062713635e-02 8.134880392546280092e-02 8.549134695343192647e-02 7.122144561859404532e-02 6.542508756027863581e-02
7.735097532178961122e-02 8.791368098572621692e-02 7.884884398122400662e-02 7.627887029685634368e-02 8.149618761464562378e-02 8.042428929297770757e-02 8.728346651614735108e-02 5.369076711695756898e-02 6.884484782246319545e-02 8.405660487018153104e-02 8.490934882680026274e-02 7.373952843552490644e-02 6.516258891870568837e-02
7.533574633638974449e-02 9.243090278700355489e-02 8.127347174310026179e-02 7.347333181954084080e-02 8.184204082034117478e-02 8.215465989552413195e-02 8.890065154329228336e-02 5.692619113597036096e-02 7.144409764279462116e-02 7.585265442350994092e-02 8.352655952309902265e-02 7.244440151100600689e-02 6.439529081842804148e-02
7.427945220017131978e-02 9.346396346408844535e-02 8.000616817970497563e-02 7.167431814458524730e-02 8.436358188986804729e-02 8.047191842376247295e-02 8.836832697463582742e-02 5.312025564071388983e-02 7.070853380369915286e-02 8.045209633250122172e-02 8.548464183292787955e-02 7.331950612247155330e-02 6.428723699086996701e-02
7.225541374246366444e-02 9.528821300820759788e-02 8.026627774203415333e-02 7.275085113806488424e-02 8.530680675349472386e-02 8.091949530075635832e-02 8.840994878197859508e-02 5.374021291971119857e-02 6.808351663139704246e-02 8.106952919333111629e-02 8.242916713119233241e-02 7.321022197829536726e-02 6.627034567907261198e-02
7.286333182044035794e-02 9.225487501236008525e-02 7.911510348894834621e-02 7.633869707806661964e-02 8.570071350898955664e-02 8.330971002186225716e-02 8.689906041450294605e-02 5.258393688725235965e-02 6.781236735532043813e-02 8.067748315442985207e-02 8.542131832051787221e-02 7.312492429048569886e-02 6.389847864682389467e-02
7.326046123698887191e-02 9.219281687199827602e-02 7.750044736249953048e-02 7.171838724172427404e-02 8.482937173542123843e-02 8.253799262458923203e-02 8.873866498678766035e-02 5.430276543271362472e-02 6.839525172072159764e-02 8.167346874880813956e-02 8.647890066996698211e-02 7.153439103469903804e-02 6.683708033308161101e-02
7.332445902540031535e-02 9.272495034805264269e-02 7.545425720459569829e-02 7.201800490688461953e-02 8.336235198495091370e-02 8.262942697340414089e-02 8.906377372135208803e-02 5.442555566601822020e-02 6.965253348745201190e-02 8.353515685694977433e-02 8.658758976031202814e-02 7.106766595579122603e-02 6.615427410883632786e-02
7.409710813954430153e-02 9.350514567087123141e-02 7.580957586026447481e-02 7.029124274009740381e-02 8.494303995734914237e-02 8.291213307250071274e-02 8.901382584487867178e-02 5.541768302797166201e-02 6.920720294724054533e-02 8.093332866657040880e-02 8.483838165307670820e-02 7.097863204589194286e-02 6.805270037374273884e-02
7.456612904640513850e-02 9.428395262618996520e-02 7.711091078274125155e-02 7.080561758625168733e-02 8.227824563379310119e-02 8.053306978475363587e-02 8.980892036543819401e-02 5.621449169200341128e-02 6.798983635508965007e-02 8.408873662036941976e-02 8.509684178469793803e-02 7.001895093140976523e-02 6.720429679085686281e-02
7.251327097327542326e-02 9.015883802069479813e-02 7.812005106368702378e-02 7.107739376334398784e-02 8.136721180059051928e-02 8.203746257264629693e-02 8.913804347502606029e-02 5.606747740648304612e-02 6.472600709133605190e-02 9.131839743575813351e-02 8.595731591262038840e-02 7.296095774901353859e-02 6.455757273552487074e-02
7.191779803990396014e-02 9.061224492779464124e-02 7.980601091506062117e-02 7.317302141042972274e-02 8.167000438201606205e-02 8.137969983784203165e-02 9.177898277052704001e-02 5.559899906440104317e-02 6.669905550900695479e-02 8.636098401900593746e-02 8.242487583473351309e-02 7.134338186120504910e-02 6.723494142807331930e-02
7.420754282156608039e-02 9.446583790392981683e-02 7.643922623940989369e-02 7.064725414056657882e-02 8.129486903253192731e-02 8.280238515079733908e-02 8.732471597709930144e-02 5.861399735556546003e-02 6.779890775578127637e-02 8.254696904864387841e-02 8.761134755219823766e-02 7.126957003948129754e-02 6.497737698242903037e-02
7.676714366169287707e-02 9.450730032265622360e-02 7.877761336720294494e-02 6.902046780648113389e-02 8.487586851665386567e-02 8.078629256921353308e-02 8.624739775455264601e-02 5.539604792617593837e-02 6.952522279951675599e-02 8.172159515432490806e-02 8.711814452635271988e-02 7.251037584395857161e-02 6.274652975121775000e-02
7.262919128427200444e-02 9.157919333185123023e-02 7.973799418813019846e-02 7.112673271020258925e-02 8.394573730520472898e-02 8.008081749168659280e-02 8.903502188661548133e-02 5.734858783956774814e-02 7.038072027687133914e-02 8.185594394281370256e-02 8.542995361360714024e-02 7.348877089535783835e-02 6.336133523381946853e-02
7.377260609308025630e-02 8.934365447986564179e-02 8.583949493398856934e-02 7.015033633272979574e-02 8.109250295409321796e-02 8.286255424972979733e-02 8.525175711868474004e-02 5.733644735828476169e-02 6.754556896597600779e-02 7.941380316555311791e-02 8.626149047442517592e-02 7.760973912985418000e-02 6.352004474373469656e-02
7.523128289641865807e-02 9.321233013469375217e-02 7.757288840174521305e-02 6.993220726648365082e-02 8.129649091081628254e-02 8.023481554653194570e-02 8.981271718190307618e-02 5.954424677229851193e-02 6.928902684969918957e-02 8.662578818117443180e-02 8.355841919831592801e-02 7.104469833609276808e-02 6.264508832382674475e-02
7.504595268097107030e-02 9.312520763986550931e-02 7.994600487429814883e-02 6.943968327447555544e-02 8.074531716760295630e-02 8.207951141000538464e-02 8.787816769384265703e-02 6.180472204456879948e-02 6.801737857811529508e-02 8.472299100241975633e-02 8.170292638871635982e-02 7.187226195187211564e-02 6.361987529324641955e-02
7.419294138179653719e-02 9.363760868242824997e-02 8.154614107485022578e-02 6.804441859256926683e-02 7.877934115203265308e-02 8.387706227946267745e-02 8.368623327193441819e-02 5.657882606003934722e-02 7.068503109078626279e-02 8.486526855207156272e-02 8.570937148046768594e-02 7.310692399626579630e-02 6.529083238529535815e-02
7.825495457256431697e-02 9.215578956236032682e-02 8.109066127731354157e-02 7.001555243785728688e-02 7.951951787218035361e-02 8.616292297467215144e-02 8.088634770567205978e-02 5.701016869126004222e-02 6.849596585863043652e-02 8.499834647640723551e-02 8.568185083147940306e-02 7.377274248548833235e-02 6.195517925411446469e-02
7.676873262289234112e-02 9.058826434566837060e-02 8.048347164183347613e-02 6.895551621916924667e-02 8.071021171311305864e-02 8.222340475439914032e-02 8.722076654497078196e-02 5.873236109347962364e-02 6.482527444314306608e-02 8.461980798702191386e-02 8.536893253335323117e-02 7.494038211506502678e-02 6.456287398589072302e-02
7.563970660736284157e-02 9.194964037309677485e-02 7.784713623369311775e-02 6.725050317670888678e-02 8.342019370049245930e-02 8.331821306737104138e-02 8.580856307841951136e-02 5.758111092970245176e-02 6.487954264731289611e-02 8.529731359149009262e-02 8.866431592270390682e-02 7.140672578111240121e-02 6.693703489053373645e-02
7.924536724195688220e-02 9.056639741605689020e-02 7.742872132087461057e-02 6.939338242362237674e-02 7.988715021291559193e-02 8.661169169313967520e-02 8.597818133812386299e-02 5.769894104214876723e-02 6.622957691712666461e-02 8.597157029357763158e-02 8.531316100973403149e-02 7.038694094920205924e-02 6.528891814152110173e-02
7.914915699113178604e-02 9.741733042453964986e-02 8.090062328124172919e-02 6.596325656587101460e-02 8.121868122387221334e-02 8.219120591305166534e-02 8.666089363371594356e-02 5.764203750762443568e-02 6.495405964761891138e-02 8.722476611735638374e-02 8.458596848013294478e-02 6.852247180156041673e-02 6.356954841228300290e-02
7.571808610316693722e-02 9.565699369532150442e-02 8.171645570422506055e-02 6.784690124826159296e-02 8.204746352871446213e-02 8.192888694809916106e-02 8.825585556688457511e-02 5.466373670791889461e-02 6.796548089039788909e-02 8.665926279594451942e-02 8.293726477740365199e-02 6.896819809866933104e-02 6.563541393499240650e-02
7.815673925278643352e-02 9.598872825416870924e-02 7.995222888932766725e-02 6.745295017958859163e-02 8.181556552252521042e-02 8.142394912799028051e-02 8.617167249217994041e-02 5.378256855132999836e-02 6.584655989150815791e-02 8.661337595641814546e-02 8.567583157683654471e-02 7.064166655220971425e-02 6.647816375313070347e-02
7.650019002506434906e-02 9.721001492430925151e-02 7.785835585728877184e-02 6.724236764192841054e-02 8.312002587667367826e-02 7.981549983265991133e-02 8.653883719101077010e-02 5.323772735704947190e-02 6.677592427629079619e-02 8.735539438178611948e-02 8.706624538198091956e-02 7.019216923850465917e-02 6.708724801545298821e-02
7.875415660965384701e-02 9.570360947735165325e-02 8.069513144112377967e-02 6.896052627603870000e-02 8.372619931748875866e-02 8.088298189310499930e-02 8.692927018150616025e-02 5.368893033348240418e-02 6.438042561282872334e-02 8.633519774627482213e-02 8.602739143312577996e-02 6.918268907419512781e-02 6.473349060382528608e-02
7.753936401703881431e-02 9.516408678329929538e-02 8.058111283329617847e-02 6.479452027532940639e-02 8.261275912351816186e-02 8.022458818199845743e-02 9.230401191052721444e-02 5.376008342990816480e-02 6.545456870211366351e-02 8.337004721454810419e-02 8.478459173706971719e-02 7.526554724268813557e-02 6.414471854866471423e-02
7.209558463995777156e-02 9.280362982222736812e-02 8.024660609506269193e-02 6.878678131671006613e-02 8.491837743347528666e-02 8.432436735042336817e-02 8.424899131454702261e-02 5.454573891928352763e-02 6.616547833988199734e-02 8.856631398018187384e-02 8.938887841914661125e-02 7.249542716338448767e-02 6.141382520571796177e-02
7.460770666864978418e-02 9.178937664964362253e-02 8.299020304318820151e-02 7.116760677159851556e-02 8.114443382941256833e-02 8.523715989899635637e-02 8.622301610068019984e-02 5.462666841546633123e-02 6.552819852443911297e-02 8.787375567003501142e-02 8.652400227442791358e-02 7.127387593982464908e-02 6.101399621363778197e-02
7.603870418679145593e-02 9.218090242357313002e-02 7.985774424278183070e-02 6.663031794597366886e-02 8.024886137656522811e-02 8.356311444247037368e-02 8.853587843520419054e-02 5.499925808838064534e-02 6.601987239550256847e-02 8.828240624088407040e-02 8.493825214845060478e-02 7.374534967809964758e-02 6.495933839532262721e-02
7.215569641060406991e-02 9.814383700118588238e-02 8.097912065193951792e-02 6.894561963877621213e-02 7.758022090047599073e-02 8.538669037469917567e-02 8.794634254027325349e-02 5.585412840143909319e-02 6.598697777354223248e-02 8.548099729036397199e-02 8.725501557501384731e-02 7.392362809633173937e-02 6.036172534535507589e-02
7.287043649192620487e-02 9.656042460364940017e-02 8.083677441490640103e-02 6.944495324931587721e-02 7.918043200772177659e-02 8.768401152802275667e-02 8.738878943018643652e-02 5.651261347674563923e-02 6.426823733217161549e-02 8.593552112762993522e-02 8.588086654395594988e-02 7.542455673391465498e-02 5.801238305985339377e-02
7.271315252524916672e-02 9.564992080162199040e-02 8.027937644034090214e-02 6.918683174714167217e-02 8.065565141560653017e-02 8.859161015153835250e-02 8.569846019291667283e-02 5.538314913124497280e-02 6.402676920911946901e-02 8.473669749032219922e-02 8.698250244497071626e-02 7.542129155595858614e-02 6.067458689396885291e-02
7.318436076674235402e-02 9.602057526625322470e-02 7.942882177471059790e-02 6.749015232765293026e-02 7.699974129043678228e-02 8.677296321345474850e-02 8.727602814024998379e-02 5.550620812022234729e-02 6.608914787317614337e-02 8.668585269711111263e-02 8.916186883110162331e-02 7.363062247496664214e-02 6.175365722392137796e-02
7.075983636751582984e-02 9.477644529147302710e-02 8.160729935217646280e-02 6.799463178587035472e-02 7.649839471248826017e-02 8.921593579543077301e-02 8.933404516282322794e-02 5.455551427596591618e-02 6.748123377485766572e-02 8.630995687788516058e-02 8.625066019606472678e-02 7.098000916613017575e-02 6.423603724131865533e-02
7.215763343076339598e-02 9.152280022843245488e-02 8.093697471462675541e-02 6.924615823230280409e-02 7.889532496484595592e-02 8.706342910706593718e-02 8.777875402962434515e-02 5.382181149926905384e-02 6.884807772278234150e-02 8.639704388569717508e-02 8.871630029759090819e-02 7.084992457795864784e-02 6.376576730904026657e-02
7.082770306295557705e-02 9.417584672706189042e-02 7.966958411592975353e-02 6.710521035101278675e-02 7.948137595581399040e-02 8.665490314533963456e-02 8.874494181340024379e-02 5.363224617224317953e-02 6.823001659926961060e-02 8.305469074308025057e-02 8.977113716484880213e-02 7.497316791769742528e-02 6.367917623134687621e-02
7.187670669132095735e-02 9.482384664106717487e-02 7.979087478757988794e-02 6.874617933442862816e-02 7.827003437656139540e-02 8.516684521813341902e-02 8.768250628812714054e-02 5.545248372574770879e-02 6.719939031209928859e-02 8.447334973255250790e-02 8.804817630414329965e-02 7.417584473644463217e-02 6.429376185179397352e-02
7.333946690623335818e-02 9.119832209568130843e-02 7.926208165553144669e-02 6.876893494250149730e-02 8.048696839026484029e-02 8.599983174801278940e-02 8.736434250060613749e-02 5.567195675138607303e-02 6.484629654242703156e-02 8.382977046789116815e-02 8.623736745457875885e-02 7.736511379746315031e-02 6.562954674742244032e-02
7.395294619898884481e-02 9.245610103769937027e-02 8.343439760417581397e-02 6.955024283774972893e-02 7.832710039722157180e-02 8.268783942313957802e-02 8.828428784802179463e-02 5.356076409221691842e-02 6.735448963647092113e-02 8.732454016403110031e-02 8.854549905077599425e-02 7.050404270373329674e-02 6.401774900577496263e-02
7.492619874054927409e-02 9.205834098699861023e-02 8.161040621276474671e-02 7.154746190991306820e-02 7.780742929145798015e-02 8.435253346607853031e-02 8.821695678045175792e-02 5.357306864273511660e-02 6.530295645223259393e-02 8.826719772159191679e-02 8.739161540103627945e-02 7.050808859147091046e-02 6.443774580271936780e-02
7.715053644700506363e-02 9.481201632835216386e-02 8.088313491833380720e-02 6.782392418757934860e-02 7.865222961996301554e-02 8.497940625101402246e-02 8.857115716929440941e-02 5.520790018808943017e-02 6.584525923390624480e-02 8.671949285927041395e-02 8.771302029659282240e-02 6.788564927947540739e-02 6.375627322112392692e-02
7.567871718097146649e-02 9.313140561182682575e-02 7.828320505145262842e-02 6.461202141791538844e-02 8.607460326940320761e-02 8.498866307924289598e-02 8.474201694368418969e-02 5.510834122899394699e-02 6.469749580340078410e-02 8.847085427156359261e-02 8.642475560461843065e-02 7.285728549861905656e-02 6.493063503830774630e-02
7.601586091456849492e-02 9.572306232238951551e-02 8.077078019842937051e-02 6.481934120909790820e-02 8.385772736428068197e-02 7.969020701682101582e-02 8.473208040401056240e-02 5.290083713905104762e-02 6.827407992145625992e-02 9.069947747636318558e-02 8.651567054489482655e-02 6.907350484857668893e-02 6.692737064006046288e-02
7.732551996915039416e-02 9.358131153394812218e-02 8.139538643822480379e-02 6.465886847920239433e-02 8.080921677242716705e-02 8.237105648835524319e-02 8.467891749890556208e-02 5.832330798252728654e-02 6.709602739805209382e-02 9.212378821582610511e-02 8.425192074395226882e-02 6.977509173174065160e-02 6.360958674768792120e-02
7.697332744653526126e-02 9.433428366719567859e-02 8.050144190859281901e-02 6.965984533233635090e-02 8.330963652285625076e-02 8.543582248459564987e-02 8.949652850283727756e-02 5.817766740351595217e-02 6.627336746000200840e-02 7.594909842484422191e-02 8.783598916678803104e-02 6.842576397743935224e-02 6.362722770246109771e-02
7.360296955250585083e-02 9.173787889767652526e-02 7.708774932011534797e-02 7.366730095495573061e-02 7.923678535848505122e-02 8.902290562410689057e-02 8.662830311442601405e-02 5.528154357416704967e-02 6.732553531407574343e-02 8.781362762593579452e-02 7.990889590514603513e-02 7.476819748913196562e-02 6.391830726927200113e-02
7.345890059430734698e-02 8.721465058955439609e-02 7.711056358566227564e-02 7.200009900574902422e-02 8.061661159682570466e-02 8.930364528599003815e-02 8.733095030410560622e-02 5.422903499128236410e-02 6.537526630958279128e-02 9.042955548542365440e-02 8.171108693785557320e-02 7.565023065944179170e-02 6.556940465421957909e-02
7.200028815750016131e-02 8.746931770507589132e-02 7.781287004732280466e-02 6.955254752830179743e-02 8.093501327252747291e-02 9.253311871421128487e-02 8.694923494449546819e-02 5.764871647010513800e-02 6.922731453365088550e-02 9.001052292389410958e-02 7.727645999922459763e-02 7.506573679093737905e-02 6.351885891275312057e-02
7.121456398496241180e-02 8.941483151561854803e-02 7.884309956872159741e-02 7.371117542161377545e-02 8.083321258574328871e-02 8.846766973542939672e-02 8.853362043460724640e-02 5.889394050672498021e-02 6.682548147119267423e-02 9.051873349658759449e-02 7.657633338608804685e-02 7.270347752791245233e-02 6.346386036479793880e-02
7.328279341348914455e-02 8.658611756324362252e-02 7.797475340405489452e-02 7.054494770541444582e-02 8.554654506713205153e-02 8.780119557865509461e-02 9.066955662456199772e-02 5.906768556122263952e-02 6.600415882011452517e-02 9.350861733005577658e-02 7.263573149086469116e-02 7.081599678256428332e-02 6.556190065862675664e-02
7.360751760229738982e-02 8.562983104582175264e-02 7.702592117686703210e-02 7.316179262059784028e-02 8.354192464020378239e-02 9.204814996095934954e-02 8.843979410367416860e-02 5.993121228179985188e-02 6.444357890659208055e-02 9.324343964480247271e-02 7.698983817585065836e-02 7.072641402212795358e-02 6.121058581840559121e-02
7.486264600793600399e-02 9.156818156810901665e-02 7.456320509006100772e-02 7.192350786801339491e-02 8.810225319772303776e-02 9.139085519095986598e-02 8.720220678383762414e-02 5.872163598145709734e-02 6.426601978039603313e-02 9.093123782870372873e-02 7.643372262609682277e-02 6.607738441980967603e-02 6.395714365689669778e-02
7.168877004737146674e-02 8.676080262255229936e-02 7.743396991526972639e-02 7.047527370401493463e-02 8.894265609330463673e-02 9.024055748578949099e-02 8.925175749937150349e-02 6.126165812505277031e-02 6.593692770651568558e-02 8.849449208422720259e-02 7.695566304292618398e-02 6.964357643924642960e-02 6.291389523435775288e-02
7.224640456120122456e-02 8.835003741646367537e-02 7.654872740957509303e-02 7.242926973195840112e-02 8.962673170299149950e-02 8.917710308438969724e-02 8.602030242060619558e-02 6.110772234820698035e-02 6.438229016034408003e-02 8.762558874797742037e-02 8.109674725546094087e-02 7.030118470036525458e-02 6.108789046045955129e-02
7.321564749254064197e-02 8.983193911085146643e-02 7.833604940340932465e-02 6.978462064698104372e-02 8.123664552262227501e-02 9.016143803624709907e-02 8.681949998159808890e-02 5.887223627340500837e-02 6.612764807772349152e-02 8.933192853856419813e-02 8.318755584063772246e-02 7.170169921390148748e-02 6.139309186151825637e-02
7.026558409001959493e-02 8.451778631311235301e-02 8.317298221331048680e-02 6.640212897655277391e-02 7.952263203078251130e-02 9.022747032341231488e-02 8.630221277523889012e-02 6.171169406763619275e-02 6.685147762141441241e-02 9.515530627670353014e-02 7.658546602094858102e-02 7.569872779845393529e-02 6.358653149241451363e-02
6.970010421301803261e-02 8.332966994140049433e-02 8.145088812258742539e-02 7.304731983265590201e-02 8.504978719693909173e-02 9.016786650259865643e-02 8.641362474843698738e-02 6.027533367931239838e-02 6.536215171512070599e-02 9.027537119292505796e-02 7.801126903206628826e-02 7.368598457013882108e-02 6.323062925280005520e-02
7.130137317675401543e-02 8.398747086154091657e-02 7.896957521990893847e-02 7.417589307649580244e-02 8.374652328532423973e-02 9.050922896299119780e-02 8.678069551068735843e-02 6.137423993287927787e-02 6.370700986225202866e-02 8.883913394064092695e-02 7.765476224927288229e-02 7.236535615190710369e-02 6.658873776934537414e-02
6.944445970716035810e-02 8.317349777297139424e-02 8.046072021446804001e-02 7.227656550825470316e-02 8.517875132167301855e-02 8.797242513752757953e-02 8.789450441769255939e-02 5.993116873471333178e-02 6.538389680125530901e-02 9.185422175996810212e-02 7.875404676220065792e-02 7.205464844610078023e-02 6.562109341601415902e-02
7.234767603129584057e-02 8.964860890988529674e-02 8.478246927685559320e-02 7.124852200537042102e-02 8.363890191161728327e-02 8.623837786553402440e-02 7.872606977264562378e-02 5.547367556531179744e-02 6.457792406025675280e-02 9.718444115987524834e-02 8.042207013262248072e-02 7.224885618277002153e-02 6.346240712595963007e-02
7.304496114378256078e-02 8.624099929516465535e-02 8.148723682985811734e-02 7.076485632159892902e-02 7.790118979458529602e-02 8.629635670470432729e-02 8.359092203584422842e-02 5.798145007378258803e-02 6.544441711958229324e-02 9.541193755344730409e-02 8.357872365392711445e-02 7.422626401525879436e-02 6.403068545846377080e-02
7.385505701999403594e-02 8.614293354493825217e-02 8.307981022778156144e-02 7.071131316198238370e-02 7.881490834229831766e-02 8.390826349086623337e-02 8.427811012597730134e-02 5.749021915731774429e-02 6.833347671913629628e-02 9.446692310990437158e-02 8.041501064529092691e-02 7.604995725024167597e-02 6.245401720427092018e-02
7.645606837670886058e-02 9.011034522929946278e-02 8.561813068737128551e-02 7.433725447087449756e-02 7.857528570134481027e-02 8.529622409929001059e-02 8.551403922976154315e-02 5.663683595706567320e-02 6.504374675070181966e-02 8.993488278648795187e-02 7.674357758025041054e-02 7.340034913849725895e-02 6.233325999234641535e-02
7.642798424197999596e-02 8.521190705057257730e-02 8.359677433444939743e-02 7.263663819974910951e-02 7.870991614533799641e-02 8.699615391934599484e-02 8.434027321126942589e-02 5.818054601057535274e-02 6.771198180044710191e-02 9.031958160828859605e-02 7.702711972639328386e-02 7.580461779841940473e-02 6.303650595317182581e-02
7.591764974205474081e-02 8.495418270595268828e-02 8.501084819139047288e-02 7.282512857412969109e-02 7.777533186682125677e-02 8.400919292490649504e-02 8.397822836209760389e-02 5.922210080015848088e-02 6.708503384864290819e-02 8.843774197612662424e-02 8.082836691932272777e-02 7.636338742383604050e-02 6.359280666456024189e-02
7.396088110531640059e-02 8.274618378104349470e-02 8.664248885148684298e-02 6.994181365390414462e-02 8.040090440489169876e-02 8.565018249295434927e-02 8.462587993088685479e-02 5.944693016915495593e-02 6.710521751357226283e-02 9.026611932729337873e-02 7.849135247854274744e-02 7.815016543837734198e-02 6.257188085257556209e-02
7.379742557730036012e-02 8.615328807951616596e-02 8.528973606074059799e-02 6.979306586017272607e-02 7.768488819093777309e-02 8.320651471757806172e-02 8.288460969723056293e-02 5.917554245259109419e-02 6.907299550386590548e-02 9.070754284799713296e-02 8.135327876868550523e-02 7.729984553540898695e-02 6.358126670797528690e-02
7.098637519559154729e-02 8.153773656667991088e-02 8.432885811771252682e-02 7.137778706841209353e-02 8.138699051960320008e-02 8.591108052682155938e-02 8.567332852185792491e-02 5.843302631863812879e-02 7.012682584468049596e-02 9.244083907188542504e-02 8.125813152799926664e-02 7.685077646377314053e-02 5.968824425634469688e-02
7.225399582960032041e-02 7.869788656671958260e-02 8.190760941960524566e-02 7.249169131244098674e-02 8.140985384201082642e-02 8.903741188267524920e-02 8.175431802733681974e-02 5.976343284380709192e-02 6.725928775664756498e-02 9.154097945829940686e-02 8.525545780458543277e-02 7.667312172490502176e-02 6.195495353136653421e-02
6.982638316848591153e-02 7.884733933282485341e-02 8.619608263170995544e-02 6.950723399016829618e-02 7.978517077216053244e-02 8.963572026086299993e-02 8.290919133072958969e-02 6.091052941272872417e-02 6.690621011859719525e-02 9.299053519709687965e-02 8.525417794940542970e-02 7.721333140458003230e-02 6.001809443064969052e-02
7.742155143590434552e-02 8.256923976359535622e-02 8.469546799403288029e-02 6.890766701022134344e-02 7.937897528923454349e-02 8.819107989278680837e-02 8.336605275776150237e-02 5.965893251322187257e-02 6.870698811205523671e-02 9.197543553068658617e-02 8.095702349482353233e-02 7.606298301672759221e-02 5.810860318894841420e-02
7.214867146674711074e-02 8.315910057680045431e-02 8.562870525660010168e-02 6.592715727173625861e-02 8.418607079951893890e-02 8.966609766397685977e-02 8.182979460653196091e-02 5.387951165999933789e-02 6.889637886762178809e-02 9.550948130428660310e-02 8.086382214950507685e-02 7.649889626129029174e-02 6.180631211538529374e-02
7.114519363777523087e-02 8.305615230556841200e-02 8.659623036320009126e-02 7.270120681476414937e-02 8.410450179707709695e-02 8.915968252628117541e-02 8.353118384212378233e-02 5.861490453584634192e-02 6.695276099812919046e-02 8.716404307878024282e-02 8.334196321578894728e-02 7.238409143744771457e-02 6.124808544721752068e-02
7.186037040182668978e-02 8.625979014371643050e-02 8.304556314484086432e-02 7.091033557233272777e-02 8.327512874214831884e-02 8.837611285463019273e-02 8.459113263791170900e-02 5.964849318550175666e-02 6.531328230345635755e-02 8.701334828004946009e-02 8.419095951240876397e-02 7.397792426536288490e-02 6.153755895581387858e-02
7.366041301793586904e-02 8.104732392664572294e-02 8.484845536477017558e-02 6.805047094320997025e-02 8.583524567461082999e-02 8.956430509226127878e-02 8.527237720546931854e-02 5.783147050932926220e-02 6.592080459217281030e-02 8.809320169494935793e-02 8.479781652739785958e-02 7.179893635769650506e-02 6.327917909355104675e-02
7.511716056816397646e-02 8.366866244430808119e-02 8.518084776149888182e-02 6.719305812910260356e-02 8.549737785361466447e-02 8.645737816837024969e-02 8.398834452355341540e-02 5.894687936184051652e-02 6.395566765532527398e-02 8.910196704172419768e-02 8.733087119758081718e-02 7.083563895784417141e-02 6.272614633707336573e-02
7.526706274362611471e-02 8.179668593952880984e-02 8.461306764819331860e-02 6.450799299268640541e-02 8.561512360520333320e-02 8.735842244415399638e-02 8.399775001429159171e-02 5.902327783021490970e-02 6.413526106404980609e-02 9.012115991611555077e-02 8.764359734191910778e-02 7.163724599784127012e-02 6.428335246217588284e-02
7.761034036418629212e-02 8.279327923987815641e-02 8.248780565417819510e-02 6.989516126653444461e-02 8.394695252281644815e-02 8.509823063345652028e-02 8.372483343576517245e-02 5.883739512855702680e-02 6.621007291105060477e-02 8.937847305400113684e-02 8.629693683388786618e-02 6.915446949036858915e-02 6.456604946531967204e-02
7.718690946787068463e-02 8.589318443582706630e-02 8.391385268792206364e-02 6.643585238319933695e-02 8.672698231541849101e-02 8.219338096933496984e-02 8.379240668528355196e-02 6.005912525420372544e-02 6.418465575786151678e-02 8.959502895461068928e-02 8.612371113995738459e-02 6.910450205249003830e-02 6.479040789602040495e-02
7.610374168099851011e-02 8.628239983000347835e-02 8.124380191361112169e-02 6.882195112524408520e-02 8.671593925694665028e-02 8.895310830970121208e-02 8.381806730207852496e-02 5.665353458197125436e-02 6.693469994108043608e-02 8.963450145652825107e-02 8.218694099757535565e-02 7.125490584236543468e-02 6.139640776189576182e-02
8.176914086551527461e-02 8.679999883669677063e-02 8.414641199221380152e-02 6.801164164039548432e-02 8.409142755031379091e-02 7.967236578783395973e-02 8.346680436943046399e-02 6.074288099470225022e-02 6.547969948894247216e-02 9.196371189310421912e-02 8.435308434058531868e-02 7.186133850132961354e-02 5.764149373893658057e-02
7.987910859716289280e-02 8.412098163808127971e-02 8.420649231772886489e-02 7.129081286751341728e-02 8.309996729973191665e-02 8.003873320073180697e-02 8.650225198719557751e-02 5.825037726586382303e-02 6.338133398499481985e-02 9.156494718580596159e-02 8.497131671935038988e-02 7.132132518781611474e-02 6.137235174802311427e-02
7.551317441522674423e-02 8.494385602762812015e-02 8.314783754035086349e-02 7.116504803623513453e-02 8.363164377473632227e-02 7.932576416170517009e-02 9.105211007640254262e-02 5.918523776708280865e-02 6.776350591833549264e-02 9.145184377358017702e-02 8.455688274283842953e-02 6.992944287073248055e-02 5.833365289514557545e-02
7.796276537371027437e-02 8.423514714625904287e-02 8.561768859504702289e-02 7.287341648479481182e-02 8.224216222624072814e-02 8.250657585119730575e-02 8.384712485939745108e-02 5.660311390896947958e-02 6.636326075918912160e-02 9.494615427354168025e-02 8.645219596259684502e-02 6.724587884648000613e-02 5.910451571257618886e-02
7.610932277717259720e-02 8.546492453577619886e-02 8.688182215942814868e-02 7.325808918178397522e-02 8.351377544834086286e-02 8.067166824428706473e-02 8.679363931106855168e-02 5.754106547662946741e-02 6.560852651072503205e-02 9.358250165156278833e-02 8.546755916545541176e-02 6.900802558639271278e-02 5.609907995137718845e-02
7.484511260759960094e-02 8.382709406535357455e-02 8.446723377820100631e-02 7.626066042507644027e-02 8.296349829935686926e-02 8.130391259442149021e-02 8.708413811061946341e-02 5.903443862329050412e-02 6.565760982612195429e-02 9.188002393019917280e-02 8.866597846488234735e-02 6.769884285895319542e-02 5.631145641592442963e-02
7.376323106648305372e-02 8.599578471735287721e-02 8.324259840793181431e-02 7.401097766298130043e-02 8.539112622764075122e-02 8.261727605932728258e-02 8.645198045615776206e-02 5.883454004202039178e-02 6.865309349536591332e-02 8.602833140522153643e-02 9.024712299024845175e-02 6.945650602129360696e-02 5.530743144797541089e-02
7.826638075795601390e-02 8.899085555376921863e-02 8.288808922299889526e-02 7.342815995650296690e-02 8.261003490141299865e-02 7.785535486077795053e-02 8.662537170186324076e-02 5.862789857939165045e-02 6.843177729077427884e-02 9.106368658302949060e-02 8.356119362173237974e-02 7.045855783769176817e-02 5.719263913209928635e-02
8.266037001923898231e-02 8.814373750440442079e-02 8.567072983343645975e-02 6.849954654837576984e-02 8.117928785433364824e-02 7.946589481945834366e-02 8.457440493296949913e-02 5.894945870005924987e-02 6.950588177130768985e-02 8.951607929064840652e-02 8.424630352577727743e-02 7.114437654426344904e-02 5.644392865572683826e-02
7.787407174339208704e-02 8.849465125662074605e-02 8.242732698608978836e-02 7.598186523923686209e-02 7.956935454790123319e-02 7.880940090574679868e-02 8.645240203387213884e-02 5.899060975598596768e-02 7.120939643791600326e-02 8.968269981438029004e-02 8.286936239177290775e-02 7.005294309265691632e-02 5.758591579442830927e-02
7.670611236991724258e-02 8.576686949411173322e-02 8.600839136197345469e-02 7.216452418831721671e-02 8.080522880678170372e-02 8.050202433499213661e-02 8.709278813839180233e-02 5.567545253472327982e-02 6.781288421888992390e-02 9.048364635763676833e-02 8.576390967880291594e-02 7.134876316129158680e-02 5.986940535417041576e-02
7.416269660052360324e-02 8.778169749498393459e-02 8.307388832999575146e-02 7.227435761657280411e-02 8.096005027290369138e-02 7.850937218682829677e-02 8.687990222243222038e-02 5.703250494289160977e-02 6.789672710252404875e-02 9.193718593350296009e-02 8.596330729389074776e-02 7.279319302334022468e-02 6.073511697961006539e-02
7.814742731162660494e-02 8.655716398501933639e-02 8.488068659826397688e-02 7.777553261707600973e-02 7.434553799805113106e-02 7.445632551422054490e-02 7.876846578296786694e-02 5.691267482790914045e-02 7.179476162002114414e-02 9.142004693972015372e-02 9.059279607491545205e-02 7.235256636205797398e-02 6.199601436815066480e-02
7.737572408340544217e-02 8.578805764648433918e-02 8.487478521868538350e-02 7.407225365237887771e-02 7.693147818520111592e-02 7.571294375070057592e-02 8.819461096139312450e-02 5.577557776526949340e-02 6.972051926219859086e-02 8.868400345431502740e-02 8.915620759196529743e-02 6.826707212595313490e-02 6.544676630204955547e-02
7.850148233851694801e-02 8.675774503803300453e-02 8.277893360397733935e-02 7.289968939311465557e-02 8.006023189932356954e-02 7.666035884894351060e-02 8.703357924239284171e-02 5.692286868021736307e-02 6.708808196173762783e-02 8.750597419383650266e-02 8.898406503510751520e-02 6.943584588765093490e-02 6.537114387714815233e-02
7.894863909890777187e-02 8.668604582134775693e-02 8.287585161622208763e-02 7.256434503392709956e-02 8.153473018100296232e-02 7.574520786029663444e-02 8.946851908487407634e-02 5.760603123474712650e-02 6.899973545168919253e-02 8.515188173856173826e-02 8.614418847435043047e-02 6.971775114531215956e-02 6.455707325876111624e-02
7.875458419418764067e-02 8.673140891132943842e-02 8.228301460292344882e-02 7.282387298006162690e-02 7.912035084612246971e-02 7.763788524100347088e-02 8.905269239452763552e-02 5.710357995901667316e-02 7.067861287328758291e-02 8.661949983574661338e-02 8.511159652643661422e-02 7.153593880911063296e-02 6.254696282624609693e-02
7.966014524372366790e-02 8.574115164114917698e-02 8.638023459359910061e-02 6.854700087170026435e-02 8.172871587660812676e-02 8.153480838820664767e-02 8.809942137422614727e-02 5.577384215353119873e-02 6.654926087897816700e-02 8.542809772074873298e-02 8.756079378996385609e-02 6.910823668504895156e-02 6.388829078251596905e-02
7.941132742094714203e-02 8.797661541602394553e-02 8.181797294834407264e-02 7.228711305482413141e-02 7.885699124386652548e-02 8.200780787484873713e-02 8.662140596636996870e-02 5.547764515848634115e-02 7.258704505880644864e-02 8.311555664259444309e-02 8.489645609781101832e-02 7.104651284434602976e-02 6.389755027273102961e-02
8.049418276966385788e-02 8.968158393722557020e-02 8.070932987205864384e-02 7.177216083725414253e-02 7.876787726259801281e-02 8.272999268381286964e-02 9.022672630910938407e-02 5.494289603455316390e-02 6.880754862492381718e-02 9.011105077019122833e-02 8.145785161616159176e-02 6.913428552319275666e-02 6.116451375925511386e-02
7.637235027464421566e-02 9.285650728689889832e-02 8.329919675770805498e-02 7.130083005485012004e-02 7.740811667979116684e-02 8.173856568746457052e-02 8.893470418137475186e-02 5.540060641179834350e-02 6.952710954694045487e-02 8.825281784635921611e-02 8.231543232459694048e-02 7.178443958538367753e-02 6.080932336218958928e-02
7.586351656383427677e-02 9.303058798448915478e-02 8.260585474877711609e-02 7.071533674382628198e-02 8.284609173112553182e-02 8.249476488878607072e-02 8.723130509669552168e-02 5.461505776024957320e-02 6.798851215139622983e-02 8.574531880949859408e-02 7.944986479824998893e-02 7.574821694766499525e-02 6.166557177540676199e-02
7.524950008515444988e-02 9.018100794591371594e-02 8.217913894567781263e-02 6.868482713725973521e-02 8.366776355051448733e-02 8.235148213861498423e-02 8.929757569354405955e-02 5.439035796151361901e-02 6.944515447904577032e-02 8.520567177430805883e-02 8.089249647296375967e-02 7.392394107568386885e-02 6.453108273980573406e-02
7.644759685176878705e-02 9.139785650494630653e-02 8.230209824670568775e-02 7.174574282723365781e-02 8.092169462612214259e-02 8.117765232272430853e-02 8.866810097975347249e-02 5.352813447628949201e-02 7.269723456239018944e-02 8.327359839566492172e-02 8.308441444414270405e-02 7.219958575941753942e-02 6.255629000284079755e-02
7.879586875082236763e-02 8.951559778408280099e-02 8.778526786065224408e-02 6.761153644507716942e-02 8.041133697302386973e-02 8.099922711299742395e-02 8.477826813491906588e-02 5.519079012906123044e-02 6.978373651979413728e-02 8.594339787733440428e-02 8.026801162580390891e-02 7.665478413006625302e-02 6.226217665636519377e-02
7.679739663735642152e-02 9.225429592851391858e-02 8.746177507071042911e-02 7.265392113927084117e-02 7.917032617350544532e-02 7.888052550398895468e-02 8.622901981831691820e-02 5.403497321619872562e-02 6.733054368653938748e-02 8.420913265112571489e-02 8.459088760681832131e-02 7.498735654972871201e-02 6.139984601792606439e-02
7.644712981945445129e-02 9.137104918241466256e-02 8.506737461452335003e-02 7.135013394309071277e-02 7.854199101811991379e-02 8.101647355353051860e-02 8.678042333569803424e-02 5.645224294916659918e-02 6.977531978064561990e-02 8.585197824017712365e-02 8.286107130839368007e-02 7.465824604611551174e-02 5.982656620866982911e-02
8.004677745577611081e-02 8.796592067454374331e-02 8.715507620547788270e-02 7.180437471063774724e-02 7.704750966437690085e-02 7.593281388019935962e-02 8.950908907521197555e-02 5.632825632005287325e-02 7.099358668097621727e-02 8.706100630689320163e-02 7.739742978721526889e-02 7.763973657837880404e-02 6.111842266025990095e-02
7.760438299881129709e-02 9.206822529893195217e-02 8.076748300651388768e-02 7.080419075956545516e-02 7.697423937385713955e-02 8.245920846370415058e-02 9.040743280204358023e-02 5.478665943533415905e-02 7.106307641739278980e-02 8.738070561818619963e-02 7.742592407765520879e-02 7.342810575236567716e-02 6.483036599563848923e-02
7.489269975902587695e-02 8.807243932730669800e-02 8.221193225298860374e-02 6.934563893544357094e-02 8.265792821785207523e-02 8.468461213545649957e-02 8.911530281559393307e-02 5.812688628402552099e-02 6.652691192323063885e-02 8.711835726909557265e-02 7.813149849958379856e-02 7.559370184813779536e-02 6.352209073225943692e-02
7.526910850040507972e-02 8.899242663593687208e-02 8.211184526788806171e-02 7.178368071385152205e-02 8.138504663961150520e-02 8.926569753383577221e-02 8.975639028452037094e-02 5.599019549401376000e-02 6.638656366482788285e-02 8.636356629450248068e-02 7.640390486781983848e-02 7.606591081443768443e-02 6.022566328834914884e-02
7.580589142109167566e-02 8.904586609254414031e-02 8.489633498572363157e-02 7.067701112327472168e-02 8.083584151501670145e-02 8.090810640293884248e-02 8.887637438236543896e-02 5.699642344873410288e-02 6.740667208867644200e-02 8.644722176143700143e-02 8.030140782482458883e-02 7.710078874619469280e-02 6.070206020717797829e-02
8.054047479086362538e-02 8.636259501968071572e-02 8.241057051615899298e-02 7.048107375133655372e-02 7.778794361525544210e-02 8.354965571424098625e-02 8.500592179253509129e-02 5.554053653680052910e-02 7.131940175257477088e-02 8.580277919717781143e-02 8.211047065497693864e-02 7.428054143240434004e-02 6.480803522599422328e-02
8.377878798194075827e-02 8.518315365600394318e-02 8.266784746580878307e-02 7.007396878156452180e-02 7.748759349617050096e-02 8.339279743098229614e-02 8.332227145277666669e-02 5.940559466169806346e-02 7.539838693920454527e-02 8.241289010758505451e-02 8.280779027279468185e-02 7.440671583796955313e-02 5.966220191550066637e-02
8.370226591543095118e-02 8.625316011216289935e-02 7.948834086658694564e-02 6.691866286265031605e-02 7.705726504886104000e-02 8.379481111118802783e-02 8.494438087423641925e-02 5.996004603929828980e-02 6.935636598432454170e-02 8.804482254961124021e-02 8.387034145346650149e-02 7.168587569593438957e-02 6.492366148624860445e-02
8.278296180728489384e-02 8.744445163947836552e-02 8.130677525083182533e-02 6.641952038521262147e-02 7.959943450818982025e-02 8.119019486972425814e-02 8.248618745101644889e-02 6.064510054626984920e-02 6.793619799213784782e-02 8.615007559740019139e-02 8.527868792767895334e-02 7.375537607787767402e-02 6.500503594689743814e-02
8.147298333470201492e-02 8.704581901935570798e-02 7.840164226776921708e-02 6.499118707957668439e-02 8.073383241642753672e-02 8.399311017278573988e-02 8.232056683644728423e-02 5.959870418132675457e-02 6.953850591061254416e-02 8.784280631917378013e-02 8.436234223801925003e-02 7.245898633813566136e-02 6.723951388566788701e-02
8.065125839487559400e-02 8.591639365650073634e-02 7.773156267095863992e-02 6.802711138994582685e-02 8.345852455608185338e-02 8.498474957680358932e-02 8.277789024348249092e-02 6.040707392728229125e-02 6.981670205801747409e-02 8.684245830836594127e-02 8.085697891727745834e-02 7.308503209900435449e-02 6.544426420140359024e-02
8.055990165269021064e-02 8.553970231312783834e-02 8.264185175820057405e-02 6.754204060122719067e-02 7.564453987691339976e-02 8.560345014882282666e-02 8.445349943224363110e-02 6.284262269947650525e-02 6.618789964387421232e-02 8.877855099981372955e-02 8.326291937482976913e-02 7.284631188813323055e-02 6.409670961064678485e-02
8.124127005567666204e-02 8.907670937141433376e-02 8.099139607014781139e-02 6.774644911338788267e-02 7.804660358125382891e-02 8.298036987644502593e-02 8.310964215966183677e-02 6.093720799483683115e-02 6.486763055719020621e-02 8.875887316122396675e-02 8.371235418354643076e-02 7.233860433512601107e-02 6.619288954008946402e-02
8.176142264127958525e-02 8.933630333977475579e-02 7.816826310342657458e-02 7.046224220426867968e-02 7.817003629017742206e-02 8.505844932469652786e-02 8.241448146013280462e-02 6.083957597503698855e-02 6.499080850852774482e-02 8.639797834190866832e-02 8.303633852923564262e-02 7.177016217025322664e-02 6.759393811128132368e-02
8.199068822592787964e-02 8.678128130831856690e-02 8.200058526954052962e-02 6.924315142328542338e-02 7.950922883755413839e-02 8.516037921253251375e-02 8.389957018220288443e-02 6.080825217137710015e-02 6.692463167282444725e-02 8.953904112566388185e-02 7.990801764049525191e-02 7.074186022274377150e-02 6.349331270753355572e-02
8.318664149492814575e-02 8.759079371237234179e-02 8.336822770351749734e-02 6.798090098774108025e-02 7.499644584411167825e-02 7.941923832607462874e-02 8.385222468789756134e-02 6.289700913775235491e-02 6.793300682644877464e-02 8.875562729462563305e-02 8.121399974684470613e-02 7.317374081803912356e-02 6.563214341964646037e-02
8.307901922676187711e-02 9.144221199629370966e-02 8.188895438815800565e-02 6.495608009615100320e-02 7.722722696364403561e-02 7.958877090541686961e-02 8.242364338676988478e-02 5.799971760080176175e-02 6.906483347157255093e-02 8.880903545585402958e-02 8.124214372436165676e-02 7.408601043745025039e-02 6.819235234676443436e-02
8.448995417101434757e-02 9.224509958319178360e-02 8.015958116621353657e-02 6.548945385363423577e-02 7.762431198953562150e-02 8.239033971066504758e-02 8.148880136167163668e-02 5.934491339504297663e-02 6.651913140364509869e-02 8.951821434083359619e-02 8.091430007308360317e-02 7.272137477264777050e-02 6.709452417882083575e-02
8.396425053688962026e-02 9.001707872314958225e-02 7.996644125723459395e-02 6.676585013931904400e-02 7.921425106388316206e-02 8.200002673960897492e-02 8.107151879990985577e-02 6.264131193512444129e-02 6.292411033803263498e-02 9.027294928204375457e-02 7.972176960191426631e-02 7.144888755842415673e-02 6.999155402446603780e-02
8.296810369440431321e-02 8.907988451285370202e-02 7.965306598966376272e-02 6.827011152947891348e-02 7.596267613369667160e-02 8.451046882618309941e-02 8.318343588275274592e-02 6.233017021689883641e-02 6.511865641388060733e-02 9.035787826095693920e-02 7.713073679726817344e-02 6.978798080815581950e-02 7.164683093380630474e-02
8.220028464159874482e-02 9.052909235452248626e-02 7.907467707582967187e-02 6.653388428242698605e-02 7.485804732880059487e-02 8.504038895332984016e-02 8.347920920937543232e-02 6.106127360785965075e-02 6.719906762303021197e-02 9.018179963627742657e-02 7.865075963527684566e-02 7.029126105815595993e-02 7.090025459351627368e-02
8.295964008471415352e-02 8.927051848875813822e-02 7.984272108135563595e-02 6.608229686257989510e-02 7.610001240018020308e-02 8.419035983574560400e-02 8.326713301242570642e-02 6.205256955142818276e-02 6.779457540033341501e-02 9.044542995620957759e-02 7.952217179994763852e-02 7.076333436206660998e-02 6.770923716425517047e-02
8.181115463999079351e-02 9.093157953173119923e-02 7.912081345337595994e-02 6.736037989371558565e-02 7.660732687664884022e-02 8.384278953656246203e-02 8.347069461911789390e-02 6.289666959986138506e-02 6.767494223986282587e-02 8.867348176388487047e-02 7.619449858457792712e-02 7.151068686148887021e-02 6.990498239918134515e-02
8.290798480720766583e-02 9.028375353984939566e-02 8.048886186644742258e-02 6.710489695028942769e-02 7.771322969269615910e-02 8.413779510537128248e-02 8.498633506525969661e-02 6.058068177170916613e-02 6.759140841396234223e-02 8.833492849982700623e-02 7.477484226815112045e-02 7.215170780523888494e-02 6.894357421399034680e-02
8.150296934449532960e-02 8.908369496128132337e-02 8.002135880525057532e-02 6.684659599659377449e-02 7.761661102228865905e-02 8.029919316650833971e-02 8.606361619772158467e-02 6.431613644552097719e-02 6.709842748191384432e-02 8.951868189615824756e-02 7.338814384190296691e-02 7.422834753799550933e-02 7.001622330236902114e-02
8.145297378462552917e-02 8.691046755324544071e-02 8.216855642299419893e-02 6.686725835325552092e-02 7.720770917992247906e-02 8.250906745840250189e-02 8.295108551659857721e-02 6.197248818173380080e-02 7.183506929955899012e-02 9.574509869247378735e-02 7.503907476475242533e-02 6.948277635539117092e-02 6.585837443704564698e-02
8.038088073197230399e-02 9.256909943486968384e-02 8.030609091173893099e-02 6.513085221746642284e-02 7.895336133032869463e-02 8.304540252750182427e-02 8.226391508333946723e-02 6.095550093228382926e-02 7.036865687370442990e-02 8.706027014133722874e-02 8.252112927127712438e-02 7.042518187033182386e-02 6.601965867384829156e-02
7.827497495403529237e-02 9.046183279785119380e-02 8.272631252070899999e-02 6.898689383645795203e-02 7.841114539280075180e-02 8.676840025107318555e-02 8.180129434660610155e-02 6.285519935840155892e-02 6.947860597067508082e-02 8.749081294659881436e-02 7.890937154837165957e-02 6.850759557906935249e-02 6.532756049735008452e-02
7.923317269482525738e-02 8.736005840520334742e-02 8.249071033146039567e-02 6.901432631736720280e-02 7.780199899228079641e-02 8.574174367029702148e-02 8.235329100808436165e-02 6.158122785555260326e-02 6.798444948691755030e-02 8.829172294817340394e-02 8.065643463039544325e-02 7.016943002510703242e-02 6.732143363433562566e-02
7.692388125793318820e-02 8.621952550808360816e-02 8.289943512338197873e-02 6.873943839257012911e-02 7.628685708413733557e-02 9.087201706748641861e-02 8.311877960526482811e-02 6.087196648567998192e-02 6.521383256834510644e-02 8.970470678780366469e-02 8.068688533928634887e-02 7.158132302257770585e-02 6.688135175744978900e-02
8.008580001028305084e-02 8.391947331375246288e-02 8.288599939667110061e-02 6.876415944217202647e-02 7.662923863069573405e-02 8.806933928915026966e-02 8.480509864472704495e-02 6.273167558900202834e-02 6.889005431183674311e-02 9.002414016216846171e-02 7.534026898292681129e-02 7.037420265134468333e-02 6.748054957526977704e-02
8.218302625446273491e-02 8.550308958683219829e-02 8.406968162085909357e-02 6.803650928614826676e-02 7.520288047794594644e-02 8.612941336094886990e-02 8.422742448359027412e-02 6.270902326039737296e-02 6.761451082382148592e-02 8.870269845285144727e-02 7.798279359592469318e-02 7.240597551992890291e-02 6.523297327628864439e-02
7.842606095371336405e-02 8.973754945476122846e-02 8.305235545723399504e-02 6.944162855343974372e-02 7.629706380629272533e-02 8.736896330907950592e-02 8.441674155309707162e-02 6.393813328824594910e-02 6.643630260057557801e-02 8.785086239191668145e-02 7.501335941101815175e-02 7.384394582474516910e-02 6.417703339588104461e-02
7.819863518094169463e-02 8.790718522797032197e-02 8.489804698034346397e-02 7.125636563521531297e-02 7.759907265864147974e-02 8.947290592021107936e-02 8.356246292771173090e-02 6.636428366019533898e-02 6.624997265221324594e-02 8.827219489613635783e-02 7.205127615908220318e-02 7.029653390233427113e-02 6.387106419900349941e-02
8.093338009209910533e-02 8.992554992111768952e-02 8.414794817783656511e-02 6.801908632926469134e-02 7.933794296034273053e-02 8.541861977910673864e-02 8.233766278168334896e-02 6.523672967292827585e-02 6.928613526467523875e-02 8.974616366722351635e-02 7.259503516019433222e-02 6.814698496303311925e-02 6.486876123049452325e-02
8.226909221126481320e-02 9.227633144756382244e-02 8.540266069228275025e-02 6.852683023229072523e-02 7.844145971688222529e-02 8.630034310951531507e-02 7.723437578059466624e-02 6.183710793924609289e-02 6.929479584497844069e-02 8.701448416242490991e-02 7.831312653568134330e-02 6.862288239125928502e-02 6.446650993601574231e-02
8.129986628084129308e-02 8.810496192900187096e-02 8.081132282275617362e-02 6.876014182786620299e-02 7.788798110590379464e-02 8.846110327527725858e-02 8.020064979972468810e-02 6.770231680910770988e-02 7.010798448349019052e-02 8.660844521524618811e-02 7.947556592556602462e-02 6.795951493774436691e-02 6.262014558747423798e-02
7.442207115347913848e-02 8.878329720803855574e-02 8.069518926433220940e-02 6.966399706868704744e-02 7.591942620197802971e-02 8.897445776658664818e-02 8.200090689824023060e-02 6.510343108579008664e-02 6.961425764039702591e-02 8.785618073965757724e-02 8.134589397219155193e-02 7.277764869150320226e-02 6.284324230911852993e-02
7.447729457789172003e-02 9.112422249955728915e-02 8.008985546297885116e-02 7.085418900965663458e-02 8.159098358964025910e-02 9.098299329688509796e-02 8.007761816545577727e-02 6.231273506402140033e-02 7.090008741598424757e-02 8.832277282915794447e-02 7.721496460757161506e-02 6.996099697159495479e-02 6.209128650960440976e-02
7.709005166442595147e-02 8.799938097984079388e-02 7.976380097708130057e-02 7.107096339360774451e-02 7.878035855444642799e-02 8.970974017690119817e-02 8.270506790329634761e-02 6.372682035020277302e-02 7.095964545380768762e-02 8.735341630550527703e-02 8.142466378420169792e-02 6.919358916086852662e-02 6.022250129581408623e-02
7.754692748369820809e-02 8.764846308214445381e-02 7.820790534251788328e-02 7.236062853709192277e-02 7.805801559293198966e-02 9.080895554510252932e-02 8.353267866121402707e-02 6.420594447022452689e-02 6.961740189467317819e-02 8.706438881086223103e-02 8.102904839006802584e-02 6.893671877829563033e-02 6.098292341117555332e-02
7.792369030675815045e-02 8.852123104327816461e-02 8.283036037538080154e-02 7.311620639992685855e-02 7.627464633669234217e-02 8.855403667781627797e-02 8.063597739716196755e-02 6.206591710409473106e-02 7.267520905970772938e-02 8.776695736173570350e-02 7.681603983189977392e-02 7.392076210432747818e-02 5.889896600122011133e-02
7.670534104203879933e-02 8.904540802300822677e-02 8.246434190958337740e-02 6.817205708348741955e-02 7.658708109959935784e-02 8.617269438925777292e-02 8.305927982691051203e-02 6.432376470597024609e-02 7.497879927255576837e-02 8.684586132358726451e-02 7.773368204886055288e-02 7.245479463282482324e-02 6.145689464231583049e-02
8.502592738319306176e-02 8.317901176325259716e-02 8.404962798394517709e-02 6.967293448070180362e-02 7.897246772871167886e-02 8.368738167691107399e-02 8.179866717108430496e-02 6.031154804880916459e-02 7.521657689775143596e-02 8.969128891849816043e-02 7.536003490130603610e-02 7.373507257219817645e-02 5.929946047363730127e-02
8.331098082429275187e-02 8.112095614618011763e-02 8.570769295682428845e-02 6.975913789934014286e-02 7.924743825117802620e-02 8.718862923800717313e-02 7.945671966105059825e-02 6.112161297005050398e-02 7.294346401355722431e-02 8.633485652569351798e-02 7.820188839768733857e-02 7.310684370425787892e-02 6.249977941188049335e-02
8.423233292301822439e-02 8.742048808955495132e-02 8.143578594451517105e-02 6.981969349260613855e-02 7.842952460886744304e-02 8.629476267630344088e-02 8.421767802388600843e-02 6.030047114045041651e-02 7.163377512262085467e-02 8.499355652621384816e-02 7.970608939680028093e-02 7.222558689344622807e-02 5.929025516171709115e-02
7.970803018454375444e-02 8.677403585967484456e-02 7.875515570736428550e-02 7.140969052955982443e-02 7.667057927321194177e-02 8.622542603290542229e-02 8.525513247851707055e-02 5.927829727239873614e-02 6.885332300321694854e-02 8.860515957229152251e-02 8.066043124944927145e-02 7.760822899968700117e-02 6.019650983717943216e-02
8.279341666536488287e-02 8.831234728216656726e-02 7.891465420063914493e-02 7.032671444046845188e-02 7.928031995918867481e-02 8.406512229348481191e-02 8.411267437524201640e-02 5.723443811762898153e-02 7.345779390675555298e-02 8.953498981216510832e-02 7.943649527906818109e-02 7.220896296612903942e-02 6.032207070169872537e-02
8.698702276570915992e-02 8.772138618881777927e-02 7.972891333718783169e-02 7.212311035991626762e-02 7.517930429105719459e-02 8.036160562891182801e-02 8.654078344732535344e-02 5.744140871244027280e-02 7.200062608254713392e-02 8.782063953421764824e-02 7.913432983827183020e-02 7.516221228227376594e-02 5.979865753132403844e-02
8.221908866321854525e-02 8.987836850737659922e-02 7.641671402606191321e-02 7.369963573987878269e-02 8.080915567149013490e-02 8.027655160081344221e-02 8.671632969042995798e-02 5.675638202527558129e-02 7.295598178915702059e-02 8.504056475009315330e-02 7.815761614303033677e-02 7.646055107794731687e-02 6.061306031522731980e-02
8.198109913017093131e-02 8.728812363929269735e-02 7.776404643149446849e-02 7.133797830855848066e-02 8.112653917251146096e-02 8.360526595580448916e-02 8.520382133466916641e-02 5.631788198203699358e-02 7.166087616596619747e-02 8.710391501193232022e-02 7.951864694573890224e-02 7.628942105049558997e-02 6.080238487132820502e-02
8.143873140587383486e-02 8.713733582760037344e-02 7.822299692907773438e-02 7.013815256311319024e-02 8.429721885974128526e-02 8.106086963860072159e-02 8.562332094312272157e-02 5.914853758248057869e-02 7.268089312773798327e-02 8.744471504623281544e-02 7.833856347749322546e-02 7.364642865023310336e-02 6.082223594869245326e-02
8.090639014221284731e-02 8.787296029963738431e-02 7.812989227168586071e-02 6.939804171680921674e-02 8.137973683294659477e-02 8.230761259263694174e-02 8.527959234509789599e-02 5.872028291341642448e-02 7.162715875890098005e-02 8.685047950001535677e-02 7.986996537260562801e-02 7.364711290071462857e-02 6.401077435332039323e-02
7.852825872208676894e-02 8.989463063960759226e-02 7.946710120986440196e-02 6.882277982444746922e-02 8.453198882763215960e-02 8.239772655118630940e-02 8.427392855636312019e-02 5.737682150017042043e-02 6.710045655437950340e-02 8.869677213574983510e-02 7.482788197499619376e-02 7.820122994006878381e-02 6.588042356344729622e-02
8.282240923679420885e-02 9.257219705526345543e-02 7.655122159531792259e-02 6.574045740230570478e-02 8.116987540649442390e-02 8.296466035119128002e-02 8.315660570978918031e-02 6.263138451625410719e-02 6.908831792335996813e-02 8.696144682752916799e-02 7.719571949843424818e-02 7.561828764139622017e-02 6.352741683587026511e-02
8.093181798075425870e-02 9.184468355232312808e-02 7.776804712792213803e-02 6.809267631784150787e-02 8.234492339743537670e-02 8.280054234420135273e-02 8.249899827863332868e-02 6.453904903188037445e-02 6.739807234714231821e-02 8.650335256466334943e-02 7.717228560642482027e-02 7.688114313218148699e-02 6.122440831859644883e-02
8.161388161798151242e-02 9.083171426155210726e-02 7.749718612074620039e-02 6.972980101122314145e-02 8.287181299901891229e-02 7.933876059634263622e-02 8.309468488091691085e-02 6.209573099923029749e-02 7.058068731760666625e-02 8.838306611547558367e-02 7.908050392287757635e-02 7.226429623470594088e-02 6.261787392232244509e-02
8.348830900075432382e-02 9.095602570242694584e-02 8.051751575381267678e-02 7.174111454639682528e-02 8.398433438712292476e-02 8.232705698483512580e-02 8.194593825082975569e-02 6.205387171756296394e-02 6.941173414327572733e-02 8.620298597852141254e-02 7.634389710654303218e-02 7.038363646813380892e-02 6.064357995978438692e-02
8.470938071094510913e-02 9.015709562952103906e-02 8.073154168302189293e-02 7.036942459228980040e-02 8.289480578685014256e-02 8.350691807461749216e-02 8.068313555414571847e-02 6.039654171994895959e-02 7.067768289370263135e-02 8.688660770483498663e-02 8.038037863973356012e-02 6.878340667402392528e-02 5.982308033636457578e-02
8.262241515191172392e-02 9.031703002617560982e-02 8.055543655291223792e-02 7.397853104440668681e-02 8.219744446211529887e-02 8.262336803866167367e-02 8.227936710517359808e-02 6.137655829772342697e-02 6.910060844377828582e-02 8.635551208857086825e-02 8.006187691606264645e-02 6.991784775495446524e-02 5.861400411755362388e-02
8.204325014927801862e-02 9.001340803055565831e-02 7.889663261268411998e-02 7.447570324971006239e-02 8.144837006147047365e-02 8.211539413255196374e-02 8.363380110045401383e-02 5.968026593528270168e-02 6.787295614364255436e-02 8.750881486591532976e-02 8.167995729783276981e-02 7.199078865098015867e-02 5.864065776964223764e-02
8.103300262362829465e-02 9.310836342837643109e-02 7.797506814941421172e-02 7.153311271130813331e-02 8.290474325747955453e-02 8.189582810465535767e-02 8.543751842389976647e-02 6.182138535730920259e-02 7.094045541453998516e-02 8.441194808370518221e-02 7.860965273692094302e-02 7.065940789554008006e-02 5.966951381322292691e-02
8.166217233244182916e-02 9.311969332123005982e-02 7.730103997461823528e-02 6.950901504173814804e-02 8.285055032956478716e-02 8.546890967929163252e-02 8.489432552981016067e-02 6.060246401728437704e-02 7.036613661858952262e-02 8.793225131563443819e-02 7.585277515835060769e-02 7.028361045280308306e-02 6.015705622864312568e-02
8.266580172369943080e-02 9.336461662007346229e-02 7.771967199000529014e-02 7.051495802274547475e-02 8.386757369643224602e-02 7.857685140982484384e-02 8.655025533887639178e-02 5.957660880594670832e-02 6.997456577835775571e-02 8.319111995402808657e-02 8.016177696560067290e-02 7.095335164675423134e-02 6.288284804765559288e-02
8.403749807003740857e-02 9.573587458241478165e-02 7.875901031015972165e-02 6.962402946808657345e-02 8.289068105735371284e-02 8.275321608391146555e-02 8.720528876151886766e-02 5.930467620779717591e-02 7.177816061492987842e-02 8.302059930883871897e-02 7.715920199487065478e-02 6.696042958074691076e-02 6.077133395933423388e-02
8.330578986320502644e-02 9.400863722738703188e-02 8.039164555985403582e-02 6.986434923054900270e-02 8.362119872770348850e-02 8.485640603940240723e-02 8.494667836478576872e-02 5.878641900373396401e-02 7.222655400490289590e-02 8.549414491560118623e-02 7.670887649373968331e-02 6.720523092224661710e-02 5.858406964688869789e-02
8.637654443561031126e-02 9.168737535918816683e-02 7.693279021509014104e-02 7.335729760023708412e-02 8.503346851001282458e-02 8.455649125464957672e-02 8.538832173747887277e-02 5.839065206699812355e-02 7.020824969099186130e-02 8.387441392623230796e-02 7.588936109508548356e-02 6.622657049093122472e-02 6.207846361749413955e-02
8.395857215919493022e-02 9.511124090566798472e-02 7.893846004142324180e-02 7.239055977679308140e-02 8.385443727118691015e-02 8.490901995142668968e-02 8.610238953413013041e-02 5.745555950958698005e-02 6.855355644106378432e-02 8.370635871447176801e-02 7.460115256371226133e-02 6.836679571894542506e-02 6.205189741239693080e-02
8.740259454766680092e-02 9.358601015904256804e-02 8.042898026499646635e-02 6.980854481964519909e-02 8.255268146690657172e-02 8.260565596107320718e-02 8.686453599253808611e-02 5.673641339088127122e-02 6.806345948431742621e-02 8.335118055399130810e-02 7.593308789598680886e-02 6.974504959106042623e-02 6.292180587189377672e-02
8.407544400498039028e-02 9.531804103367476355e-02 8.724584025397437437e-02 7.476979055200042024e-02 7.874078518059199339e-02 8.158905464693261278e-02 8.504922990499447222e-02 5.793786887585566925e-02 6.525773230540947434e-02 8.007707563194238487e-02 7.476055472480834518e-02 6.923744231408944516e-02 6.594114057074548785e-02
8.186396811830998210e-02 9.407046114926058411e-02 7.681477765911595701e-02 6.963897043962657962e-02 7.762172440553032071e-02 8.515366699722085042e-02 8.266339199076970512e-02 5.934508590367856135e-02 6.791507375214700382e-02 8.624213798706513445e-02 7.934804558298833022e-02 7.271309931713136609e-02 6.660959669715550702e-02
8.094240415042154579e-02 9.732234553199876903e-02 8.443193842857654730e-02 6.603422172561375370e-02 8.152926196139156922e-02 8.617430631899752891e-02 8.391062471588492389e-02 5.423812274921106791e-02 6.840219733397445712e-02 8.365979419826770347e-02 8.117955235841714523e-02 7.015679800581069159e-02 6.201843252143432461e-02
8.217533352500801247e-02 9.236675979969245776e-02 7.824297513507585955e-02 7.005907977542143172e-02 7.948636990827534499e-02 8.606568027195081461e-02 8.407480943013449781e-02 5.457970264663876414e-02 6.706499239152209635e-02 8.384726603657854938e-02 8.598027491379346687e-02 7.239100743631241008e-02 6.366574872959634979e-02
8.049873117250594401e-02 9.277262284104668966e-02 8.028301018779954168e-02 6.822816650768911972e-02 7.538751270263838178e-02 8.611505979773079189e-02 8.466869275970342890e-02 5.625606527120594752e-02 6.877848656548334050e-02 8.502097268098511573e-02 8.213217533436098505e-02 7.397866947026575379e-02 6.587983470858491120e-02
8.133643899226349061e-02 9.455123319561327400e-02 7.841624265034698171e-02 6.986083919661763286e-02 7.251359442133915867e-02 8.608686679903872208e-02 8.446872257599928602e-02 5.781312927905254972e-02 6.720183421073348817e-02 8.464835956000041350e-02 8.066665118630819697e-02 7.387562014091321461e-02 6.856046779177371597e-02
8.177266791932412404e-02 9.010050996504642695e-02 7.952384405639281728e-02 6.921971455980573118e-02 7.238581369073443517e-02 8.799204881942879197e-02 8.622401126991414977e-02 5.643406886771137887e-02 6.739003313546503005e-02 8.600003122216412499e-02 8.090323635480974052e-02 7.500872103482572606e-02 6.704529910437753704e-02
8.176219550852283080e-02 9.089699572330084409e-02 7.791246590633023328e-02 6.662020974120409778e-02 7.095535401558808464e-02 8.704500575038640053e-02 8.567446235828626855e-02 5.692648237487583224e-02 6.847118703153588781e-02 8.542143352281700297e-02 8.529731550949280761e-02 7.542469001124413319e-02 6.759220254641545855e-02
8.075751834129034357e-02 9.250691004330761913e-02 7.941630740741675853e-02 6.883697747082752338e-02 6.944504521692630716e-02 8.514896721964639037e-02 8.561528630448966837e-02 5.803931524006786941e-02 7.112940474257739565e-02 8.732993950515535730e-02 8.143892568085810135e-02 7.672845637231812121e-02 6.360694645511852374e-02
8.338761054888553514e-02 9.265973410713691794e-02 7.581500567132790080e-02 6.810136132503752382e-02 7.426872114610474918e-02 8.564815989220356252e-02 8.562147613700021864e-02 5.628512770482545918e-02 6.726182930409552174e-02 8.732231514115985915e-02 8.121679334050795063e-02 7.580822071031925735e-02 6.660364497139563411e-02
7.771846023894506128e-02 9.427025419745048429e-02 7.585051135607531747e-02 6.878419867326877879e-02 7.434578442031497536e-02 8.300096003217055651e-02 9.005548891364942299e-02 5.661725815002412177e-02 6.836480641484997400e-02 8.788831686885027750e-02 8.340496867855977381e-02 7.164261889837295061e-02 6.805637315746831950e-02
8.167329371229613277e-02 9.411868078358093248e-02 7.571876219302638156e-02 7.027211807789128517e-02 7.681428447203531018e-02 8.535801693154197733e-02 8.479342927884671310e-02 5.631023595297384582e-02 6.830007325550020714e-02 8.685702970233148690e-02 8.036866715042910447e-02 7.394003408929718246e-02 6.547537440024947530e-02
7.810669941951356443e-02 9.480195214675581072e-02 7.621790039879600132e-02 6.890987182318739079e-02 7.764021774963536515e-02 9.053562553688590531e-02 8.730877953388008206e-02 5.705848398903350105e-02 6.607406924224762390e-02 8.505606800275335166e-02 7.857577027129919456e-02 7.320089924391756653e-02 6.651366264209457313e-02
8.521211393840606718e-02 9.204020912038657354e-02 7.873738031036113527e-02 7.062593971793452996e-02 7.575188612086954099e-02 8.689936620879222529e-02 8.870936619155919689e-02 5.721685664303797353e-02 6.841519086382913395e-02 8.550474744736696886e-02 7.707278651412804993e-02 6.863002392317468781e-02 6.518413300015399314e-02
8.155521747472845029e-02 9.432168359638602728e-02 7.630258220273818115e-02 6.968836970236422235e-02 7.502312338912869860e-02 9.181216454312436659e-02 8.878830629449969980e-02 5.648926581441564287e-02 6.889069624544387482e-02 8.728080582103163454e-02 7.744211543079752846e-02 6.757609916997403543e-02 6.482957031536780435e-02
8.080567790764320302e-02 8.992225829699185269e-02 7.884984864382986458e-02 6.936793375704598807e-02 7.667183437966644532e-02 9.211435973709543312e-02 9.136906447475506843e-02 5.423293878544909602e-02 6.971313187947032752e-02 8.660562743591622425e-02 7.665833513260249255e-02 7.172372962087918136e-02 6.196525994865473286e-02
8.130028690106431977e-02 9.233011165514273810e-02 7.684822615993522343e-02 6.603698219099320144e-02 7.738758494060882231e-02 9.085882667576436478e-02 8.605371403232135730e-02 5.621504409329822205e-02 6.930236550421205177e-02 8.806590865078220420e-02 7.910309954416841483e-02 7.327235481354604785e-02 6.322549483816318483e-02
8.020297768031388330e-02 9.444784444523710021e-02 7.794264192005544156e-02 6.852552879490234061e-02 8.130934317675604650e-02 8.980301127683809614e-02 8.716874564253068725e-02 5.133698941561862239e-02 6.800847803375185963e-02 8.563753400223161893e-02 8.248772016661373718e-02 7.396212879771506266e-02 5.916705664743548282e-02
8.408424658198265789e-02 9.185815846273451268e-02 7.990071121135862431e-02 7.142297624478166629e-02 7.726820603561096457e-02 8.962771482875203644e-02 8.652657013878568837e-02 5.596067501595235194e-02 6.766378560745660298e-02 8.855960250565178549e-02 7.392582556405877248e-02 7.113715000570841607e-02 6.206437779716599684e-02
8.396068276734672264e-02 9.116486543833093870e-02 8.087616435499217493e-02 7.000924866702191995e-02 7.833932100612440996e-02 8.824890536870844127e-02 8.816555084983519752e-02 5.432301112562731848e-02 6.591464567788045403e-02 8.597080142062361874e-02 8.203842201790857713e-02 6.908902515961590218e-02 6.189935614598442160e-02
8.448765707423691596e-02 8.999689729668064464e-02 7.945180267744700320e-02 7.092357511582501883e-02 7.443330507648961147e-02 8.716683295040400514e-02 8.828629429172059340e-02 5.330612659183984331e-02 6.519892998102129467e-02 9.080196995244482761e-02 8.280384524238866562e-02 7.254597348293083392e-02 6.059679026657066592e-02
8.220967820651213509e-02 8.982770572972448297e-02 8.123776334941995581e-02 6.700747489538369517e-02 7.230377700950030295e-02 8.947814647206647765e-02 8.951186688612905451e-02 5.592169712054642638e-02 6.587764400291482025e-02 8.986949701648863642e-02 8.269890992217707182e-02 7.309175012389512727e-02 6.096408926524179983e-02
8.393873557077646819e-02 9.277781409388308198e-02 8.165625766604062141e-02 6.790195864070153187e-02 7.521645729685744186e-02 8.854063015417779070e-02 8.866200173581846589e-02 5.439426005869064940e-02 6.458652983211868315e-02 8.662657323333954051e-02 7.945956233468760843e-02 7.437203299179052929e-02 6.186718639111769141e-02
7.977966819435798607e-02 8.959401682308382187e-02 8.209772618355953844e-02 6.600013091435676105e-02 7.690777221714095724e-02 8.993797254063626290e-02 8.760601760738781496e-02 5.606298857550141151e-02 7.056936471591830629e-02 8.897822199515950659e-02 7.650688353601781122e-02 7.195933150913258469e-02 6.399990518774720250e-02
8.077622162260952865e-02 9.343202313681603366e-02 8.156764334204066880e-02 6.626032837902548489e-02 7.702703301937119384e-02 8.738586760268858555e-02 8.958279550439411654e-02 5.666840861664634160e-02 6.933497554671355645e-02 8.622987512663270182e-02 7.283841477238972573e-02 7.330794378894571472e-02 6.558846954172638244e-02
8.330871938602379956e-02 8.728421073983691492e-02 7.962348354825539432e-02 7.077870156365864696e-02 7.787334970352192964e-02 8.342595661772765625e-02 8.325337150877212822e-02 5.353034605972857574e-02 6.820751801106875178e-02 9.017678778380737448e-02 8.150727656771876439e-02 7.717965548130710507e-02 6.385062302857308358e-02
8.057528476297058651e-02 8.719596632883218346e-02 8.389495654626330512e-02 7.217496890910145291e-02 7.889984570520876261e-02 8.269265263184383263e-02 8.314600165517960217e-02 5.250715791593600634e-02 6.972481653153553283e-02 9.111187898677033936e-02 8.421643177462140306e-02 7.117793293846599867e-02 6.268210531327104984e-02
8.368999052788471393e-02 8.809797399609552160e-02 7.902053447409561338e-02 7.351366482523571944e-02 7.551907438447905130e-02 8.407989566596268949e-02 8.535665331615141516e-02 5.298484859309340878e-02 7.068825918465136693e-02 8.981348213003033376e-02 8.046991126919915416e-02 7.342632124938747173e-02 6.333939038373335995e-02
8.312271952168019673e-02 8.867719185470911147e-02 7.545665167910214910e-02 7.550935799035771168e-02 7.916552599387469136e-02 8.455676145135267163e-02 8.570494644884252278e-02 5.277734142428551489e-02 6.912422763127371028e-02 8.931639665042662157e-02 7.949040404637863766e-02 7.151396217870643890e-02 6.558451312900999419e-02
8.124836359119998186e-02 8.918911785276587012e-02 7.984444951337800467e-02 7.294682562754312150e-02 7.871973656419130327e-02 8.614778571069960089e-02 8.285867192843861251e-02 5.269726646650614577e-02 6.888324342174119430e-02 9.157873339724034722e-02 8.070851744990488463e-02 7.299154564736276551e-02 6.218574282902816081e-02
8.209104501418104660e-02 8.761529024510258945e-02 7.876134341448204346e-02 7.339437798634081134e-02 8.204897714544219511e-02 8.315767978737612087e-02 8.365972255266479474e-02 5.307118071643597557e-02 6.881661482066585289e-02 9.100970924760065639e-02 7.938713247604255174e-02 7.259047021600567584e-02 6.439645637765983865e-02
7.897703815238721337e-02 8.947086924292717292e-02 7.771724434102506018e-02 7.043681423283799925e-02 8.158892932720838986e-02 8.500789769169592169e-02 8.478038516206368169e-02 5.337265701851060667e-02 6.973609218777634955e-02 9.015096689401064234e-02 8.159616512571617186e-02 7.337047246810309009e-02 6.379446815573779073e-02
7.787631777026773894e-02 8.816012275494417016e-02 8.050903937602947591e-02 7.219435363335460765e-02 7.894570139672224540e-02 8.227869888003856713e-02 8.355136061343471088e-02 5.407226035490611538e-02 7.118319318045693289e-02 8.957219136577630747e-02 8.199514128009473268e-02 7.229269651116559947e-02 6.736892288280882379e-02
8.012199040676371009e-02 8.787264577576052449e-02 7.737506972702279384e-02 7.169845380343296826e-02 8.008606734297991914e-02 8.445829053875957004e-02 8.811044700744076474e-02 5.289243665325087107e-02 7.066166335775762863e-02 8.772925330421801893e-02 8.022413559191526877e-02 7.624003428133346860e-02 6.252951220936467380e-02
8.418549852138100531e-02 8.961715884435560164e-02 8.002617026586018867e-02 7.234953737237227733e-02 7.938569668871514606e-02 8.555859522640678339e-02 8.610368603027668266e-02 5.053548263436110494e-02 6.960713021896818009e-02 8.892275520345682693e-02 7.836826860722581611e-02 7.295424230393347809e-02 6.238577808268698510e-02
8.241642520162528740e-02 8.942974217450753993e-02 8.238117856514741433e-02 6.978188011433425486e-02 8.442610598419818257e-02 8.370814393983008750e-02 8.466746453707398035e-02 5.470114730954422216e-02 7.216569698781613584e-02 8.723043408381751795e-02 7.668582688227890132e-02 6.897720791352381087e-02 6.342874630630265798e-02
8.637557724314075258e-02 8.734060228155254846e-02 8.211471313203601297e-02 6.778738642105494594e-02 8.108834089823967195e-02 8.400439891930946978e-02 8.292005483168894686e-02 5.456585300545174766e-02 7.224617500470904841e-02 8.824354972854876744e-02 7.672603976492138600e-02 7.423941528881673746e-02 6.234789348053002694e-02
8.426080670876409662e-02 8.910516097810834701e-02 7.596963490872239710e-02 6.794661528903751802e-02 8.750004947763857788e-02 8.227190865593944635e-02 8.443199451464980521e-02 5.635620972398138612e-02 6.918145908908494846e-02 8.932014959086620465e-02 7.807429217489794682e-02 7.352767967891539469e-02 6.205403920939395190e-02
8.224364439825007644e-02 8.565141013287133620e-02 8.183958587613350544e-02 7.202059591284883100e-02 8.413161424736614880e-02 8.371130065324200453e-02 8.256429862527196739e-02 5.631264071288991091e-02 7.104775729137387252e-02 8.547167445195733015e-02 8.079207442253359683e-02 6.993327579188479692e-02 6.428012748337658122e-02
8.033117470565655227e-02 8.778011135019295197e-02 8.347600722533558837e-02 7.283047624129261599e-02 8.353089986873393769e-02 7.994936144973595338e-02 8.658680661812211132e-02 5.575388457520905061e-02 6.839230484560449019e-02 8.564858069048954248e-02 7.824972266934590581e-02 7.023402176812458542e-02 6.723664799215674226e-02
7.919123908743991302e-02 8.819832388273018964e-02 8.171577438496908929e-02 7.267760227523756278e-02 8.417537052005914788e-02 8.132633848626170947e-02 8.374202888150863999e-02 5.563281511720779421e-02 7.207650587431203848e-02 8.581268705818860532e-02 7.834914763394867920e-02 7.062881521463780510e-02 6.647335158349881867e-02
8.353756253941121979e-02 9.333134794250627642e-02 8.212054939265958642e-02 6.979535272897754994e-02 8.632653932346433245e-02 7.832269576307167303e-02 8.452950401857178830e-02 5.705038686684096860e-02 7.201281291730840528e-02 8.294421018182610017e-02 7.498402204915281810e-02 6.647031994447501202e-02 6.857469633173446377e-02
8.024697525128299258e-02 8.826985186245014936e-02 8.105124673876741570e-02 7.682995407132815757e-02 8.278898037436752122e-02 8.452399150425067564e-02 8.365394524401084664e-02 5.643917935778471062e-02 7.262076024736441315e-02 8.304359345604010734e-02 7.507697434609703069e-02 6.645109333577187138e-02 6.900345421048412198e-02
8.107503778154415142e-02 8.679271232963696459e-02 7.817903578692980693e-02 7.463298783850495777e-02 8.375690881177812186e-02 8.387572080752751791e-02 8.922087830865248204e-02 5.766432870615280371e-02 6.756510981843506791e-02 8.609194513487647415e-02 7.491185525222743280e-02 6.767357653454125765e-02 6.855990288919304454e-02
8.054067438573876692e-02 9.123400922988025852e-02 7.864100065081630619e-02 7.060232550102503446e-02 8.049739132189283330e-02 8.156195311594273412e-02 8.939672068464842025e-02 5.752372646444146170e-02 6.993341317444426442e-02 8.563867149274166646e-02 7.836330325890901449e-02 7.141522276403107494e-02 6.465158795548833770e-02
8.570499287248206643e-02 8.891029191726845804e-02 7.760626802373152278e-02 7.757207732363165242e-02 8.095068692969892288e-02 8.171153418304720473e-02 8.927481869825998340e-02 5.441934975039302430e-02 7.072655828961306457e-02 8.606877345429612969e-02 7.282381676701629725e-02 7.085686377320422891e-02 6.337396801735746543e-02
7.693151484283217156e-02 9.496267792958908160e-02 7.422351746528892125e-02 7.352638045389330024e-02 8.468206488311877389e-02 8.591438318108836347e-02 8.677302141125096957e-02 5.895622548837450155e-02 6.931813479427696711e-02 8.371819295995448773e-02 7.571852127806495691e-02 6.826585166642049063e-02 6.700951364584695202e-02
8.311667820313094202e-02 9.544253205463597289e-02 7.500048473098841484e-02 7.217365384858426269e-02 8.127940996374320715e-02 8.101342726807514438e-02 9.443051112913961043e-02 5.251768144416835843e-02 6.932081549582058688e-02 8.351753229074955487e-02 7.851395718660998668e-02 6.791471681942688743e-02 6.575859956492699498e-02
8.044831808804328577e-02 9.117412720736416121e-02 7.467732670435638098e-02 7.377478146962332395e-02 8.365052091518694610e-02 8.306210502742616963e-02 8.619679144486772082e-02 5.505821549752869248e-02 6.923286526548784459e-02 8.499519682265005427e-02 8.047068830998814482e-02 7.074511763770460759e-02 6.651394560977266779e-02
8.315693403047523524e-02 8.651914268693407239e-02 7.237206831447477728e-02 7.528625836966783280e-02 7.838187212551382677e-02 8.298744697504592538e-02 8.510606068823482750e-02 5.576447064190600406e-02 6.915325713198416935e-02 8.616348114096863964e-02 8.709819024835349643e-02 7.113921090277551540e-02 6.687160674366567081e-02
8.024036003938603279e-02 8.994162347892353804e-02 7.461487206473278733e-02 7.152973561364435462e-02 8.254019380244854986e-02 8.096054714675586517e-02 8.827733922597101601e-02 5.485995133120442901e-02 7.062702277944961360e-02 8.518043277257592027e-02 8.252561004375005838e-02 7.208318949384950880e-02 6.661912220730835388e-02
7.959808024464853915e-02 8.885420786753225886e-02 7.563517600859488710e-02 6.922297371133959154e-02 8.530990315018809056e-02 8.557793358756120294e-02 8.602648871776913397e-02 5.534562542394923929e-02 7.027798111955022020e-02 8.449143160025440746e-02 8.278508701742465226e-02 7.447834636474712222e-02 6.239676518644064751e-02
7.724017083456610755e-02 9.027539062412009985e-02 7.709299869369222458e-02 6.848919132230107953e-02 8.642825133115610015e-02 8.776828490759248924e-02 8.243989510942478782e-02 5.915018656158799182e-02 6.963754342564368316e-02 8.415554198666772012e-02 7.751116116931519584e-02 7.548359316282750309e-02 6.432779087110504501e-02
7.754371243631856536e-02 9.181695399685661785e-02 7.472983227828977615e-02 7.165335004583484046e-02 8.103366785595927935e-02 8.557536006552161900e-02 8.561901140731952020e-02 5.728923479873309493e-02 6.957473845129502621e-02 8.567815291162247937e-02 7.719652564592505151e-02 7.564964413342893657e-02 6.663981597289503345e-02
7.788914868911669953e-02 9.117485840460581858e-02 7.390672743935738920e-02 7.167940968301986238e-02 8.180805149940481580e-02 8.584423457363632437e-02 8.526299871600707958e-02 5.958961910094366654e-02 6.894817218450983998e-02 8.489602060572359887e-02 7.812613076058837203e-02 7.505433787572199367e-02 6.582029046736437294e-02
7.926826484847286636e-02 9.006091428879457739e-02 7.468910942220724491e-02 7.099539103535139339e-02 8.403857435214126537e-02 8.676170620203459138e-02 8.495279611713986434e-02 5.844885420172699769e-02 6.828921040395868891e-02 8.581544299703006140e-02 7.712760337903905306e-02 7.262605695304671927e-02 6.692607579905676674e-02
8.173380281420804250e-02 9.053206791615543703e-02 7.643179702644641027e-02 6.903827625960866354e-02 8.196738877125221701e-02 8.412068910065487182e-02 8.706711704759469150e-02 5.760711269401043444e-02 6.939988104451333406e-02 8.603301561507441242e-02 7.899471598455425070e-02 7.099407205477230309e-02 6.608006367115508428e-02
8.451968564310673171e-02 9.361438953779990801e-02 7.238345068685757278e-02 6.432493177921197458e-02 8.164328625366835956e-02 8.683827503624427790e-02 8.794882876700160779e-02 5.696497544773530125e-02 7.160415068324971211e-02 8.381862122752835320e-02 7.875665318594854414e-02 7.197344181229604898e-02 6.560930993935171207e-02
7.873669599097569971e-02 9.224184000206722689e-02 7.445218635610043045e-02 6.993769033052590900e-02 8.208986006962938620e-02 8.582737046434622818e-02 8.780231597554485901e-02 5.689255581693276886e-02 7.040456270965975150e-02 8.396313313388917288e-02 7.885411737364231288e-02 7.512613188673480935e-02 6.367153988995148672e-02
7.894660987923043938e-02 8.901933605813618089e-02 7.384327362003004214e-02 7.164749482147292348e-02 8.162308272934268305e-02 8.645880914090352254e-02 8.683842915106670945e-02 5.558397406527990775e-02 7.045897586581024996e-02 8.538483622892144298e-02 8.187707056342947987e-02 7.478319983192195652e-02 6.353490804445441342e-02
7.968634636250106207e-02 8.990356221982334639e-02 7.509793302408648841e-02 7.381808525251432052e-02 8.206739900493970064e-02 8.369687442132617283e-02 8.531596523946134714e-02 5.668153093529307990e-02 7.108169169038389135e-02 8.499864620591582320e-02 7.901101533055208959e-02 7.375976013358670480e-02 6.488119017961596624e-02
7.795735623679481141e-02 8.987141480317890896e-02 7.424118724855620355e-02 7.157395282806075509e-02 8.182651745686271572e-02 8.327724674374721581e-02 8.710809316568154936e-02 5.721699982959321112e-02 7.418752033301366511e-02 8.440768903927696465e-02 7.933033352189158838e-02 7.368597723532140098e-02 6.531571155802111395e-02
7.858476766237242062e-02 8.677904914610046205e-02 7.608096055284303827e-02 7.217215039173402458e-02 8.421882197413267657e-02 9.064884238495082847e-02 8.285992282093417038e-02 5.706459785232301934e-02 7.013629060460996323e-02 8.997833902703863962e-02 7.860591013156735529e-02 7.050788975250914248e-02 6.236245769888415502e-02
7.904573159506751712e-02 8.891939613469142245e-02 7.620817380235299365e-02 7.158043246069763221e-02 8.336301701071467674e-02 8.712118616960012885e-02 8.367186505772837568e-02 5.639754993420278972e-02 7.029795588773270210e-02 8.909429383304154348e-02 8.002059247737411396e-02 7.345000563048360853e-02 6.082980000631241224e-02
7.814078283136899339e-02 8.963290024533657196e-02 7.731939191834796832e-02 6.786262810291113223e-02 8.494126426131701213e-02 8.753793581076729780e-02 8.465532794181558629e-02 5.587655937405482803e-02 6.922039230389007147e-02 9.037202598762324179e-02 8.000605143369669825e-02 7.272821582998535705e-02 6.170652395888534536e-02
7.867765648665442368e-02 8.811309590207477838e-02 7.829149462855698738e-02 6.817057585619924753e-02 8.290006349355520665e-02 8.873763885143823305e-02 8.505810842845328013e-02 5.733848460405088082e-02 6.979378906734598487e-02 8.855415378544277683e-02 8.139190410071804604e-02 7.404224524267484508e-02 5.893078955283535120e-02
8.677375105454460114e-02 9.102693275513967786e-02 7.411580792030166009e-02 6.899187113649882241e-02 8.095863737746773758e-02 8.672058166793751577e-02 8.202100527237239647e-02 5.933295529407053848e-02 7.077992572797608961e-02 8.534473330295527793e-02 8.215639320050675820e-02 7.054743772420947467e-02 6.122996756601947060e-02
8.067014904451114132e-02 9.156802010990595930e-02 7.716278224795240781e-02 6.868412544538446407e-02 8.358746927542906602e-02 8.662727564038538719e-02 8.303209446338559452e-02 6.088188740986857916e-02 7.332262281128808235e-02 8.926409061827897395e-02 7.643493755196464901e-02 6.959909861880049509e-02 5.916544676284508919e-02
8.479985114294363857e-02 9.157492595862821994e-02 7.428039244488968129e-02 7.177283375032311730e-02 7.875536642122106523e-02 8.568932670335267787e-02 8.420838362813254374e-02 5.983044286834320047e-02 6.952402162621837411e-02 8.781169929012890008e-02 7.823884186271068408e-02 7.270005352043810987e-02 6.081386078266980827e-02
8.397206758095512869e-02 9.143171024987374607e-02 7.374934135112956590e-02 7.501006792135520018e-02 7.963572617089278993e-02 8.465943955541713195e-02 8.522692075388853261e-02 5.929176468345007806e-02 6.793362841132208341e-02 8.847606410359964979e-02 7.681889864862088968e-02 7.272455307983112516e-02 6.106981748966409246e-02
8.249792114506472596e-02 8.967828954784880235e-02 7.628242139304297620e-02 7.170446508976757727e-02 7.856665731765995198e-02 8.667189251602777644e-02 8.230723010012690188e-02 5.808820376044752237e-02 7.195529316160705069e-02 8.782256294332345392e-02 7.865471905376647532e-02 7.183445076508437888e-02 6.393589320623251082e-02
8.306556816476673433e-02 9.237038257059548840e-02 7.527168202649107964e-02 7.164693904654122203e-02 7.951249476125625548e-02 8.547788732692422620e-02 8.425528045680713563e-02 5.967173622013988155e-02 7.120543061731038348e-02 8.481258944218843243e-02 7.689728641663380604e-02 7.051876387580412187e-02 6.529395907454128845e-02
8.399584396904606620e-02 9.361798443316235452e-02 7.299979068629049161e-02 7.152833624928345291e-02 8.003165029111647399e-02 8.568605099141908543e-02 8.229670941972912213e-02 5.916869393408100142e-02 7.185572425358673077e-02 8.384269766283371228e-02 7.936840329921589221e-02 6.930070100916672915e-02 6.630741380106887350e-02
8.208269781897077622e-02 9.136551214289866107e-02 7.149693923812588947e-02 7.505141622735987672e-02 7.456244752271311282e-02 8.608239516028440286e-02 8.347108373405039139e-02 5.826551104811928533e-02 7.317419158017995917e-02 8.875582920346754279e-02 8.110947298091292224e-02 6.923086476541497059e-02 6.535163857750220240e-02
8.331576852928314347e-02 9.069263810625444178e-02 7.444202183259633621e-02 7.077181225637420303e-02 7.808643527621379754e-02 8.438126353329097884e-02 8.411060791427037164e-02 6.140052498010346860e-02 7.256451670764833828e-02 8.751618275805221614e-02 7.816671899174056082e-02 7.085796230691691899e-02 6.369354680725536344e-02
8.389671699279400985e-02 8.705118133728545482e-02 7.535494779037685276e-02 7.125890419956779076e-02 7.977037068669921849e-02 8.478303225739139415e-02 8.324378798942726199e-02 6.249934242728581724e-02 7.236580873796590041e-02 8.552753689098065160e-02 7.966878096900474604e-02 7.022107288766672728e-02 6.435851683355413300e-02
8.550444841346323266e-02 8.762560149575994439e-02 7.359328753266605738e-02 7.122772192901072330e-02 7.854307581415792550e-02 8.548678214479536741e-02 8.486509271938771914e-02 6.144674329672329682e-02 7.006652822705139450e-02 8.561035925391261014e-02 7.995530226874650315e-02 7.143346489240849639e-02 6.464159201191693738e-02
8.609434046691202824e-02 9.185414995196533594e-02 6.981345044825930379e-02 7.008555898075838342e-02 7.894630272864955334e-02 8.761352725236289107e-02 8.627358551828319400e-02 6.267412350769015206e-02 7.331506358953372715e-02 7.464199373887231426e-02 8.254552971938337869e-02 7.072770402100039822e-02 6.541467007632933983e-02
8.100173997648350832e-02 8.580229356189267298e-02 7.313143187893744734e-02 6.915531016815792964e-02 8.282374832123391706e-02 8.256125456909091387e-02 8.197093049937878573e-02 6.049011084117933423e-02 7.626290945074939986e-02 9.114643624409426992e-02 8.045942673172568060e-02 7.190405646293934749e-02 6.329035129413679295e-02
7.636507621406642132e-02 8.713803390451106690e-02 7.267283472510004116e-02 7.328135929945372995e-02 8.648367303389013772e-02 8.032291183086233410e-02 8.651937824227236284e-02 6.056384513321952379e-02 7.347688969603981268e-02 9.456766692566752341e-02 8.270448887792686277e-02 6.981867696198501561e-02 5.608516515500518856e-02
8.015576751987953108e-02 8.432198542137993302e-02 8.024188031481231664e-02 7.207984094150529653e-02 8.408975508781411923e-02 8.187267061655215117e-02 8.708090524866098081e-02 5.861636946967525158e-02 6.809569401463649863e-02 9.319226513140560497e-02 7.853113846201481563e-02 7.282827607496651645e-02 5.889345169669684549e-02
8.102819574455974450e-02 9.007570655844092389e-02 7.738167503484343068e-02 6.862304716479292188e-02 8.324171166171842606e-02 8.443474000295829451e-02 8.774994381005346566e-02 5.905608406767678259e-02 6.859358394610994003e-02 9.140232782562178471e-02 7.837913266960210013e-02 7.260405251763805967e-02 5.742979899598394528e-02
7.919214380648270657e-02 8.632587294296825697e-02 7.688409813169841400e-02 7.196754779191272267e-02 8.401377646895553941e-02 8.499791452578317474e-02 8.760456722323527179e-02 6.077196697548571669e-02 6.908887152699774714e-02 9.179961640108938448e-02 7.748800832916331871e-02 7.203428913462768535e-02 5.783132674160003373e-02
7.636166152728054990e-02 8.306744620525589873e-02 7.535502537303553905e-02 7.578184267844603750e-02 8.897686300423221506e-02 8.892371698245765677e-02 8.589903117569686053e-02 5.973733534184559602e-02 6.891357117544555377e-02 8.883917043108341405e-02 7.958984603166888161e-02 7.328977532865103839e-02 5.526471474490089741e-02
